713
2
5 5
1 s2 
10 Program
1  1 
1
0 #
1 r0 
1
7 14
1 s3 
1
6 0
1 s4 
1
6 1
1 s5 
34
5 1
1 s35 
5 3
1 s36 
6 0
1 s17 
6 5
1 s15 
7 1
1 s29 
7 2
1 s28 
7 4
1 s23 
7 6
1 s22 
7 8
1 s25 
7 9
1 s30 
7 11
1 s24 
7 12
1 s26 
7 13
1 s27 
8 0
2 s31 r45 
8 1
1 s34 
10 Block
1  39 
10 Expr
1  32 
10 Expr1
1  16 
10 Expr10
1  19 
10 Expr2
1  14 
10 Expr3
1  13 
10 Expr4
1  12 
10 Expr5
1  11 
10 Expr6
1  10 
10 Expr7
1  9 
10 Expr8
1  8 
10 Expr9
1  7 
10 Mnum
1  18 
10 Mvar
1  6 
10 Stmt
1  33 
10 Type
1  20 
10 VarStmt
1  21 
11 
1 s37 
12 
1 s38 
16
6 9
1 r47 
6 10
1 r47 
6 11
1 r47 
6 13
1 r47 
6 14
1 r47 
6 19
1 r47 
6 20
1 r47 
6 21
1 r47 
6 22
1 r47 
6 23
1 r47 
6 24
1 r47 
6 25
1 r47 
6 27
1 r47 
6 28
1 r47 
6 31
1 s40 
8 0
1 r47 
1
8 0
1 r73 
2
6 28
1 s41 
8 0
1 r71 
3
6 27
1 s42 
6 28
1 r69 
8 0
1 r69 
4
6 25
1 s43 
6 27
1 r67 
6 28
1 r67 
8 0
1 r67 
6
6 23
1 s44 
6 24
1 s45 
6 25
1 r64 
6 27
1 r64 
6 28
1 r64 
8 0
1 r64 
10
6 19
1 s49 
6 20
1 s47 
6 21
1 s46 
6 22
1 s48 
6 23
1 r59 
6 24
1 r59 
6 25
1 r59 
6 27
1 r59 
6 28
1 r59 
8 0
1 r59 
12
6 9
1 s51 
6 10
1 s50 
6 19
1 r56 
6 20
1 r56 
6 21
1 r56 
6 22
1 r56 
6 23
1 r56 
6 24
1 r56 
6 25
1 r56 
6 27
1 r56 
6 28
1 r56 
8 0
1 r56 
15
6 9
1 r52 
6 10
1 r52 
6 11
1 s54 
6 13
1 s53 
6 14
1 s52 
6 19
1 r52 
6 20
1 r52 
6 21
1 r52 
6 22
1 r52 
6 23
1 r52 
6 24
1 r52 
6 25
1 r52 
6 27
1 r52 
6 28
1 r52 
8 0
1 r52 
32
6 0
1 s17 
6 5
1 s15 
6 9
1 r45 
6 10
1 r45 
6 11
1 r45 
6 13
1 r45 
6 14
1 r45 
6 19
1 r45 
6 20
1 r45 
6 21
1 r45 
6 22
1 r45 
6 23
1 r45 
6 24
1 r45 
6 25
1 r45 
6 27
1 r45 
6 28
1 r45 
8 0
1 r45 
10 Expr
1  64 
10 Expr1
1  16 
10 Expr10
1  65 
10 Expr2
1  63 
10 Expr3
1  62 
10 Expr4
1  61 
10 Expr5
1  60 
10 Expr6
1  59 
10 Expr7
1  58 
10 Expr8
1  57 
10 Expr9
1  56 
10 Mnum
1  18 
10 Mvar
1  55 
11 
1 s37 
12 
1 s38 
15
6 9
1 r50 
6 10
1 r50 
6 11
1 r50 
6 13
1 r50 
6 14
1 r50 
6 19
1 r50 
6 20
1 r50 
6 21
1 r50 
6 22
1 r50 
6 23
1 r50 
6 24
1 r50 
6 25
1 r50 
6 27
1 r50 
6 28
1 r50 
8 0
1 r50 
18
6 0
1 s78 
6 1
1 r45 
6 5
1 s75 
10 Expr
1  77 
10 Expr1
1  76 
10 Expr10
1  80 
10 Expr2
1  74 
10 Expr3
1  73 
10 Expr4
1  72 
10 Expr5
1  71 
10 Expr6
1  70 
10 Expr7
1  69 
10 Expr8
1  68 
10 Expr9
1  67 
10 Mnum
1  79 
10 Mvar
1  66 
11 
1 s81 
12 
1 s82 
15
6 9
1 r48 
6 10
1 r48 
6 11
1 r48 
6 13
1 r48 
6 14
1 r48 
6 19
1 r48 
6 20
1 r48 
6 21
1 r48 
6 22
1 r48 
6 23
1 r48 
6 24
1 r48 
6 25
1 r48 
6 27
1 r48 
6 28
1 r48 
8 0
1 r48 
1
8 0
1 r46 
3
10 Mvar
1  83 
10 Vars
1  84 
12 
1 s85 
1
8 0
1 s86 
1
6 0
1 s87 
34
5 1
1 s35 
5 3
1 s36 
6 0
1 s17 
6 5
1 s15 
7 1
1 s97 
7 2
1 s96 
7 4
1 s91 
7 6
1 s89 
7 8
1 s93 
7 9
1 s98 
7 11
1 s92 
7 12
1 s94 
7 13
1 s95 
8 0
2 s99 r45 
8 1
1 s102 
10 Block
1  90 
10 Expr
1  100 
10 Expr1
1  16 
10 Expr10
1  19 
10 Expr2
1  14 
10 Expr3
1  13 
10 Expr4
1  12 
10 Expr5
1  11 
10 Expr6
1  10 
10 Expr7
1  9 
10 Expr8
1  8 
10 Expr9
1  7 
10 Mnum
1  18 
10 Mvar
1  6 
10 Stmt
1  101 
10 Type
1  20 
10 VarStmt
1  88 
11 
1 s37 
12 
1 s38 
1
6 0
1 s103 
1
6 0
1 s104 
1
6 0
1 s105 
1
6 0
1 s106 
1
8 0
1 s107 
1
8 0
1 s108 
1
8 0
1 s109 
1
0 #
1 r13 
1
8 0
1 s110 
1
0 #
1 r7 
35
5 1
1 s35 
5 3
1 s36 
6 0
1 s17 
6 5
1 s15 
7 1
1 s119 
7 2
1 s118 
7 4
1 s113 
7 6
1 s112 
7 8
1 s115 
7 9
1 s120 
7 11
1 s114 
7 12
1 s116 
7 13
1 s117 
8 0
2 s121 r45 
8 1
1 s124 
8 2
1 r11 
10 Expr
1  122 
10 Expr1
1  16 
10 Expr10
1  19 
10 Expr2
1  14 
10 Expr3
1  13 
10 Expr4
1  12 
10 Expr5
1  11 
10 Expr6
1  10 
10 Expr7
1  9 
10 Expr8
1  8 
10 Expr9
1  7 
10 Mnum
1  18 
10 Mvar
1  6 
10 Stmt
1  123 
10 Stmts
1  125 
10 Type
1  20 
10 VarStmt
1  111 
11 
1 s37 
12 
1 s38 
1
12 
1 r5 
1
12 
1 r4 
15
6 9
1 r3 
6 10
1 r3 
6 11
1 r3 
6 13
1 r3 
6 14
1 r3 
6 19
1 r3 
6 20
1 r3 
6 21
1 r3 
6 22
1 r3 
6 23
1 r3 
6 24
1 r3 
6 25
1 r3 
6 27
1 r3 
6 28
1 r3 
8 0
1 r3 
16
6 9
1 r2 
6 10
1 r2 
6 11
1 r2 
6 13
1 r2 
6 14
1 r2 
6 19
1 r2 
6 20
1 r2 
6 21
1 r2 
6 22
1 r2 
6 23
1 r2 
6 24
1 r2 
6 25
1 r2 
6 27
1 r2 
6 28
1 r2 
6 31
1 r2 
8 0
1 r2 
1
0 #
1 r1 
16
6 0
1 s17 
6 5
1 s15 
10 Expr1
1  16 
10 Expr10
1  126 
10 Expr2
1  14 
10 Expr3
1  13 
10 Expr4
1  12 
10 Expr5
1  11 
10 Expr6
1  10 
10 Expr7
1  9 
10 Expr8
1  8 
10 Expr9
1  7 
10 Mnum
1  18 
10 Mvar
1  6 
11 
1 s37 
12 
1 s38 
15
6 0
1 s17 
6 5
1 s15 
10 Expr1
1  16 
10 Expr2
1  14 
10 Expr3
1  13 
10 Expr4
1  12 
10 Expr5
1  11 
10 Expr6
1  10 
10 Expr7
1  9 
10 Expr8
1  8 
10 Expr9
1  127 
10 Mnum
1  18 
10 Mvar
1  128 
11 
1 s37 
12 
1 s129 
14
6 0
1 s17 
6 5
1 s15 
10 Expr1
1  16 
10 Expr2
1  14 
10 Expr3
1  13 
10 Expr4
1  12 
10 Expr5
1  11 
10 Expr6
1  10 
10 Expr7
1  9 
10 Expr8
1  130 
10 Mnum
1  18 
10 Mvar
1  128 
11 
1 s37 
12 
1 s129 
13
6 0
1 s17 
6 5
1 s15 
10 Expr1
1  16 
10 Expr2
1  14 
10 Expr3
1  13 
10 Expr4
1  12 
10 Expr5
1  11 
10 Expr6
1  10 
10 Expr7
1  131 
10 Mnum
1  18 
10 Mvar
1  128 
11 
1 s37 
12 
1 s129 
12
6 0
1 s17 
6 5
1 s15 
10 Expr1
1  16 
10 Expr2
1  14 
10 Expr3
1  13 
10 Expr4
1  12 
10 Expr5
1  11 
10 Expr6
1  132 
10 Mnum
1  18 
10 Mvar
1  128 
11 
1 s37 
12 
1 s129 
12
6 0
1 s17 
6 5
1 s15 
10 Expr1
1  16 
10 Expr2
1  14 
10 Expr3
1  13 
10 Expr4
1  12 
10 Expr5
1  11 
10 Expr6
1  133 
10 Mnum
1  18 
10 Mvar
1  128 
11 
1 s37 
12 
1 s129 
11
6 0
1 s17 
6 5
1 s15 
10 Expr1
1  16 
10 Expr2
1  14 
10 Expr3
1  13 
10 Expr4
1  12 
10 Expr5
1  134 
10 Mnum
1  18 
10 Mvar
1  128 
11 
1 s37 
12 
1 s129 
11
6 0
1 s17 
6 5
1 s15 
10 Expr1
1  16 
10 Expr2
1  14 
10 Expr3
1  13 
10 Expr4
1  12 
10 Expr5
1  135 
10 Mnum
1  18 
10 Mvar
1  128 
11 
1 s37 
12 
1 s129 
11
6 0
1 s17 
6 5
1 s15 
10 Expr1
1  16 
10 Expr2
1  14 
10 Expr3
1  13 
10 Expr4
1  12 
10 Expr5
1  136 
10 Mnum
1  18 
10 Mvar
1  128 
11 
1 s37 
12 
1 s129 
11
6 0
1 s17 
6 5
1 s15 
10 Expr1
1  16 
10 Expr2
1  14 
10 Expr3
1  13 
10 Expr4
1  12 
10 Expr5
1  137 
10 Mnum
1  18 
10 Mvar
1  128 
11 
1 s37 
12 
1 s129 
10
6 0
1 s17 
6 5
1 s15 
10 Expr1
1  16 
10 Expr2
1  14 
10 Expr3
1  13 
10 Expr4
1  138 
10 Mnum
1  18 
10 Mvar
1  128 
11 
1 s37 
12 
1 s129 
10
6 0
1 s17 
6 5
1 s15 
10 Expr1
1  16 
10 Expr2
1  14 
10 Expr3
1  13 
10 Expr4
1  139 
10 Mnum
1  18 
10 Mvar
1  128 
11 
1 s37 
12 
1 s129 
9
6 0
1 s17 
6 5
1 s15 
10 Expr1
1  16 
10 Expr2
1  14 
10 Expr3
1  140 
10 Mnum
1  18 
10 Mvar
1  128 
11 
1 s37 
12 
1 s129 
9
6 0
1 s17 
6 5
1 s15 
10 Expr1
1  16 
10 Expr2
1  14 
10 Expr3
1  141 
10 Mnum
1  18 
10 Mvar
1  128 
11 
1 s37 
12 
1 s129 
9
6 0
1 s17 
6 5
1 s15 
10 Expr1
1  16 
10 Expr2
1  14 
10 Expr3
1  142 
10 Mnum
1  18 
10 Mvar
1  128 
11 
1 s37 
12 
1 s129 
16
6 9
1 r47 
6 10
1 r47 
6 11
1 r47 
6 13
1 r47 
6 14
1 r47 
6 19
1 r47 
6 20
1 r47 
6 21
1 r47 
6 22
1 r47 
6 23
1 r47 
6 24
1 r47 
6 25
1 r47 
6 27
1 r47 
6 28
1 r47 
6 31
1 s143 
8 0
1 r47 
15
6 9
1 r73 
6 10
1 r73 
6 11
1 r73 
6 13
1 r73 
6 14
1 r73 
6 19
1 r73 
6 20
1 r73 
6 21
1 r73 
6 22
1 r73 
6 23
1 r73 
6 24
1 r73 
6 25
1 r73 
6 27
1 r73 
6 28
1 r73 
8 0
1 r73 
15
6 9
1 r71 
6 10
1 r71 
6 11
1 r71 
6 13
1 r71 
6 14
1 r71 
6 19
1 r71 
6 20
1 r71 
6 21
1 r71 
6 22
1 r71 
6 23
1 r71 
6 24
1 r71 
6 25
1 r71 
6 27
1 r71 
6 28
2 s144 r71 
8 0
1 r71 
15
6 9
1 r69 
6 10
1 r69 
6 11
1 r69 
6 13
1 r69 
6 14
1 r69 
6 19
1 r69 
6 20
1 r69 
6 21
1 r69 
6 22
1 r69 
6 23
1 r69 
6 24
1 r69 
6 25
1 r69 
6 27
2 s145 r69 
6 28
1 r69 
8 0
1 r69 
15
6 9
1 r67 
6 10
1 r67 
6 11
1 r67 
6 13
1 r67 
6 14
1 r67 
6 19
1 r67 
6 20
1 r67 
6 21
1 r67 
6 22
1 r67 
6 23
1 r67 
6 24
1 r67 
6 25
2 s146 r67 
6 27
1 r67 
6 28
1 r67 
8 0
1 r67 
15
6 9
1 r64 
6 10
1 r64 
6 11
1 r64 
6 13
1 r64 
6 14
1 r64 
6 19
1 r64 
6 20
1 r64 
6 21
1 r64 
6 22
1 r64 
6 23
2 s147 r64 
6 24
2 s148 r64 
6 25
1 r64 
6 27
1 r64 
6 28
1 r64 
8 0
1 r64 
15
6 9
1 r59 
6 10
1 r59 
6 11
1 r59 
6 13
1 r59 
6 14
1 r59 
6 19
2 s152 r59 
6 20
2 s150 r59 
6 21
2 s149 r59 
6 22
2 s151 r59 
6 23
1 r59 
6 24
1 r59 
6 25
1 r59 
6 27
1 r59 
6 28
1 r59 
8 0
1 r59 
15
6 9
2 s154 r56 
6 10
2 s153 r56 
6 11
1 r56 
6 13
1 r56 
6 14
1 r56 
6 19
1 r56 
6 20
1 r56 
6 21
1 r56 
6 22
1 r56 
6 23
1 r56 
6 24
1 r56 
6 25
1 r56 
6 27
1 r56 
6 28
1 r56 
8 0
1 r56 
15
6 9
1 r52 
6 10
1 r52 
6 11
2 s157 r52 
6 13
2 s156 r52 
6 14
2 s155 r52 
6 19
1 r52 
6 20
1 r52 
6 21
1 r52 
6 22
1 r52 
6 23
1 r52 
6 24
1 r52 
6 25
1 r52 
6 27
1 r52 
6 28
1 r52 
8 0
1 r52 
15
6 9
1 r51 
6 10
1 r51 
6 11
1 r51 
6 13
1 r51 
6 14
1 r51 
6 19
1 r51 
6 20
1 r51 
6 21
1 r51 
6 22
1 r51 
6 23
1 r51 
6 24
1 r51 
6 25
1 r51 
6 27
1 r51 
6 28
1 r51 
8 0
1 r51 
15
6 9
1 r46 
6 10
1 r46 
6 11
1 r46 
6 13
1 r46 
6 14
1 r46 
6 19
1 r46 
6 20
1 r46 
6 21
1 r46 
6 22
1 r46 
6 23
1 r46 
6 24
1 r46 
6 25
1 r46 
6 27
1 r46 
6 28
1 r46 
8 0
1 r46 
16
6 1
1 r47 
6 9
1 r47 
6 10
1 r47 
6 11
1 r47 
6 13
1 r47 
6 14
1 r47 
6 19
1 r47 
6 20
1 r47 
6 21
1 r47 
6 22
1 r47 
6 23
1 r47 
6 24
1 r47 
6 25
1 r47 
6 27
1 r47 
6 28
1 r47 
6 31
1 s158 
1
6 1
1 r73 
2
6 1
1 r71 
6 28
1 s159 
3
6 1
1 r69 
6 27
1 s160 
6 28
1 r69 
4
6 1
1 r67 
6 25
1 s161 
6 27
1 r67 
6 28
1 r67 
6
6 1
1 r64 
6 23
1 s162 
6 24
1 s163 
6 25
1 r64 
6 27
1 r64 
6 28
1 r64 
10
6 1
1 r59 
6 19
1 s167 
6 20
1 s165 
6 21
1 s164 
6 22
1 s166 
6 23
1 r59 
6 24
1 r59 
6 25
1 r59 
6 27
1 r59 
6 28
1 r59 
12
6 1
1 r56 
6 9
1 s169 
6 10
1 s168 
6 19
1 r56 
6 20
1 r56 
6 21
1 r56 
6 22
1 r56 
6 23
1 r56 
6 24
1 r56 
6 25
1 r56 
6 27
1 r56 
6 28
1 r56 
15
6 1
1 r52 
6 9
1 r52 
6 10
1 r52 
6 11
1 s172 
6 13
1 s171 
6 14
1 s170 
6 19
1 r52 
6 20
1 r52 
6 21
1 r52 
6 22
1 r52 
6 23
1 r52 
6 24
1 r52 
6 25
1 r52 
6 27
1 r52 
6 28
1 r52 
32
6 0
1 s78 
6 1
1 r45 
6 5
1 s75 
6 9
1 r45 
6 10
1 r45 
6 11
1 r45 
6 13
1 r45 
6 14
1 r45 
6 19
1 r45 
6 20
1 r45 
6 21
1 r45 
6 22
1 r45 
6 23
1 r45 
6 24
1 r45 
6 25
1 r45 
6 27
1 r45 
6 28
1 r45 
10 Expr
1  182 
10 Expr1
1  76 
10 Expr10
1  183 
10 Expr2
1  181 
10 Expr3
1  180 
10 Expr4
1  179 
10 Expr5
1  178 
10 Expr6
1  177 
10 Expr7
1  176 
10 Expr8
1  175 
10 Expr9
1  174 
10 Mnum
1  79 
10 Mvar
1  173 
11 
1 s81 
12 
1 s82 
15
6 1
1 r50 
6 9
1 r50 
6 10
1 r50 
6 11
1 r50 
6 13
1 r50 
6 14
1 r50 
6 19
1 r50 
6 20
1 r50 
6 21
1 r50 
6 22
1 r50 
6 23
1 r50 
6 24
1 r50 
6 25
1 r50 
6 27
1 r50 
6 28
1 r50 
1
6 1
1 s184 
18
6 0
1 s78 
6 1
1 r45 
6 5
1 s75 
10 Expr
1  185 
10 Expr1
1  76 
10 Expr10
1  80 
10 Expr2
1  74 
10 Expr3
1  73 
10 Expr4
1  72 
10 Expr5
1  71 
10 Expr6
1  70 
10 Expr7
1  69 
10 Expr8
1  68 
10 Expr9
1  67 
10 Mnum
1  79 
10 Mvar
1  66 
11 
1 s81 
12 
1 s82 
15
6 1
1 r48 
6 9
1 r48 
6 10
1 r48 
6 11
1 r48 
6 13
1 r48 
6 14
1 r48 
6 19
1 r48 
6 20
1 r48 
6 21
1 r48 
6 22
1 r48 
6 23
1 r48 
6 24
1 r48 
6 25
1 r48 
6 27
1 r48 
6 28
1 r48 
1
6 1
1 r46 
15
6 1
1 r3 
6 9
1 r3 
6 10
1 r3 
6 11
1 r3 
6 13
1 r3 
6 14
1 r3 
6 19
1 r3 
6 20
1 r3 
6 21
1 r3 
6 22
1 r3 
6 23
1 r3 
6 24
1 r3 
6 25
1 r3 
6 27
1 r3 
6 28
1 r3 
16
6 1
1 r2 
6 9
1 r2 
6 10
1 r2 
6 11
1 r2 
6 13
1 r2 
6 14
1 r2 
6 19
1 r2 
6 20
1 r2 
6 21
1 r2 
6 22
1 r2 
6 23
1 r2 
6 24
1 r2 
6 25
1 r2 
6 27
1 r2 
6 28
1 r2 
6 31
1 r2 
3
6 31
1 s186 
8 0
1 r34 
8 3
1 r34 
3
8 0
1 r36 
8 3
1 s187 
10 MVars
1  188 
3
6 31
1 r2 
8 0
1 r2 
8 3
1 r2 
1
0 #
1 r32 
25
5 1
1 s35 
5 3
1 s36 
6 0
1 s200 
6 5
1 s198 
8 0
1 r45 
8 3
1 r45 
10 Expr
1  203 
10 Expr1
1  199 
10 Expr10
1  202 
10 Expr2
1  197 
10 Expr3
1  196 
10 Expr4
1  195 
10 Expr5
1  194 
10 Expr6
1  193 
10 Expr7
1  192 
10 Expr8
1  191 
10 Expr9
1  190 
10 ExprsFirst
1  206 
10 MExprsFirst
1  205 
10 Mnum
1  201 
10 Mvar
1  189 
10 Type
1  20 
10 VarStmt
1  204 
11 
1 s207 
12 
1 s208 
1
8 0
1 s209 
1
6 0
1 s210 
1
7 11
1 s211 
34
5 1
1 s35 
5 3
1 s36 
6 0
1 s17 
6 5
1 s15 
7 1
1 s97 
7 2
1 s96 
7 4
1 s91 
7 6
1 s89 
7 8
1 s93 
7 9
1 s98 
7 11
1 s92 
7 12
1 s94 
7 13
1 s95 
8 0
2 s99 r45 
8 1
1 s102 
10 Block
1  212 
10 Expr
1  100 
10 Expr1
1  16 
10 Expr10
1  19 
10 Expr2
1  14 
10 Expr3
1  13 
10 Expr4
1  12 
10 Expr5
1  11 
10 Expr6
1  10 
10 Expr7
1  9 
10 Expr8
1  8 
10 Expr9
1  7 
10 Mnum
1  18 
10 Mvar
1  6 
10 Stmt
1  101 
10 Type
1  20 
10 VarStmt
1  88 
11 
1 s37 
12 
1 s38 
1
6 0
1 s213 
1
6 0
1 s214 
1
6 0
1 s215 
1
6 0
1 s216 
1
8 0
1 s217 
1
8 0
1 s218 
1
8 0
1 s219 
1
7 11
1 r13 
1
8 0
1 s220 
1
7 11
1 r7 
35
5 1
1 s35 
5 3
1 s36 
6 0
1 s17 
6 5
1 s15 
7 1
1 s119 
7 2
1 s118 
7 4
1 s113 
7 6
1 s112 
7 8
1 s115 
7 9
1 s120 
7 11
1 s114 
7 12
1 s116 
7 13
1 s117 
8 0
2 s121 r45 
8 1
1 s124 
8 2
1 r11 
10 Expr
1  122 
10 Expr1
1  16 
10 Expr10
1  19 
10 Expr2
1  14 
10 Expr3
1  13 
10 Expr4
1  12 
10 Expr5
1  11 
10 Expr6
1  10 
10 Expr7
1  9 
10 Expr8
1  8 
10 Expr9
1  7 
10 Mnum
1  18 
10 Mvar
1  6 
10 Stmt
1  123 
10 Stmts
1  221 
10 Type
1  20 
10 VarStmt
1  111 
11 
1 s37 
12 
1 s38 
18
6 0
1 s78 
6 1
1 r45 
6 5
1 s75 
10 Expr
1  222 
10 Expr1
1  76 
10 Expr10
1  80 
10 Expr2
1  74 
10 Expr3
1  73 
10 Expr4
1  72 
10 Expr5
1  71 
10 Expr6
1  70 
10 Expr7
1  69 
10 Expr8
1  68 
10 Expr9
1  67 
10 Mnum
1  79 
10 Mvar
1  66 
11 
1 s81 
12 
1 s82 
18
6 0
1 s78 
6 1
1 r45 
6 5
1 s75 
10 Expr
1  223 
10 Expr1
1  76 
10 Expr10
1  80 
10 Expr2
1  74 
10 Expr3
1  73 
10 Expr4
1  72 
10 Expr5
1  71 
10 Expr6
1  70 
10 Expr7
1  69 
10 Expr8
1  68 
10 Expr9
1  67 
10 Mnum
1  79 
10 Mvar
1  66 
11 
1 s81 
12 
1 s82 
5
10 Mnum
1  224 
10 Mvar
1  225 
10 PStmt
1  226 
11 
1 s227 
12 
1 s228 
3
10 Mvar
1  229 
10 SStmt
1  230 
12 
1 s228 
1
0 #
1 r16 
1
0 #
1 r15 
1
0 #
1 r14 
1
0 #
1 r12 
1
8 0
1 s231 
1
6 0
1 s232 
34
5 1
1 s35 
5 3
1 s36 
6 0
1 s17 
6 5
1 s15 
7 1
1 s97 
7 2
1 s96 
7 4
1 s91 
7 6
1 s89 
7 8
1 s93 
7 9
1 s98 
7 11
1 s92 
7 12
1 s94 
7 13
1 s95 
8 0
2 s99 r45 
8 1
1 s102 
10 Block
1  233 
10 Expr
1  100 
10 Expr1
1  16 
10 Expr10
1  19 
10 Expr2
1  14 
10 Expr3
1  13 
10 Expr4
1  12 
10 Expr5
1  11 
10 Expr6
1  10 
10 Expr7
1  9 
10 Expr8
1  8 
10 Expr9
1  7 
10 Mnum
1  18 
10 Mvar
1  6 
10 Stmt
1  101 
10 Type
1  20 
10 VarStmt
1  88 
11 
1 s37 
12 
1 s38 
1
6 0
1 s234 
1
6 0
1 s235 
1
6 0
1 s236 
1
6 0
1 s237 
1
8 0
1 s238 
1
8 0
1 s239 
1
8 0
1 s240 
18
5 1
1 r13 
5 3
1 r13 
6 0
1 r13 
6 5
1 r13 
7 1
1 r13 
7 2
1 r13 
7 4
1 r13 
7 6
1 r13 
7 8
1 r13 
7 9
1 r13 
7 11
1 r13 
7 12
1 r13 
7 13
1 r13 
8 0
1 r13 
8 1
1 r13 
8 2
1 r13 
11 
1 r13 
12 
1 r13 
1
8 0
1 s241 
35
5 1
1 s35 
5 3
1 s36 
6 0
1 s17 
6 5
1 s15 
7 1
1 s119 
7 2
1 s118 
7 4
1 s113 
7 6
1 s112 
7 8
1 s115 
7 9
1 s120 
7 11
1 s114 
7 12
1 s116 
7 13
1 s117 
8 0
2 s121 r45 
8 1
1 s124 
8 2
2 r11 r10 
10 Expr
1  122 
10 Expr1
1  16 
10 Expr10
1  19 
10 Expr2
1  14 
10 Expr3
1  13 
10 Expr4
1  12 
10 Expr5
1  11 
10 Expr6
1  10 
10 Expr7
1  9 
10 Expr8
1  8 
10 Expr9
1  7 
10 Mnum
1  18 
10 Mvar
1  6 
10 Stmt
1  123 
10 Stmts
1  242 
10 Type
1  20 
10 VarStmt
1  111 
11 
1 s37 
12 
1 s38 
35
5 1
1 s35 
5 3
1 s36 
6 0
1 s17 
6 5
1 s15 
7 1
1 s119 
7 2
1 s118 
7 4
1 s113 
7 6
1 s112 
7 8
1 s115 
7 9
1 s120 
7 11
1 s114 
7 12
1 s116 
7 13
1 s117 
8 0
2 s121 r45 
8 1
1 s124 
8 2
1 r11 
10 Expr
1  122 
10 Expr1
1  16 
10 Expr10
1  19 
10 Expr2
1  14 
10 Expr3
1  13 
10 Expr4
1  12 
10 Expr5
1  11 
10 Expr6
1  10 
10 Expr7
1  9 
10 Expr8
1  8 
10 Expr9
1  7 
10 Mnum
1  18 
10 Mvar
1  6 
10 Stmt
1  123 
10 Stmts
1  243 
10 Type
1  20 
10 VarStmt
1  111 
11 
1 s37 
12 
1 s38 
1
8 2
1 s244 
1
8 0
1 r74 
1
8 0
1 r72 
15
6 9
1 r47 
6 10
1 r47 
6 11
1 r47 
6 13
1 r47 
6 14
1 r47 
6 19
1 r47 
6 20
1 r47 
6 21
1 r47 
6 22
1 r47 
6 23
1 r47 
6 24
1 r47 
6 25
1 r47 
6 27
1 r47 
6 28
1 r47 
8 0
1 r47 
15
6 9
1 r2 
6 10
1 r2 
6 11
1 r2 
6 13
1 r2 
6 14
1 r2 
6 19
1 r2 
6 20
1 r2 
6 21
1 r2 
6 22
1 r2 
6 23
1 r2 
6 24
1 r2 
6 25
1 r2 
6 27
1 r2 
6 28
1 r2 
8 0
1 r2 
2
6 28
1 r70 
8 0
1 r70 
3
6 27
1 r68 
6 28
1 r68 
8 0
1 r68 
4
6 25
1 r66 
6 27
1 r66 
6 28
1 r66 
8 0
1 r66 
4
6 25
1 r65 
6 27
1 r65 
6 28
1 r65 
8 0
1 r65 
6
6 23
1 r63 
6 24
1 r63 
6 25
1 r63 
6 27
1 r63 
6 28
1 r63 
8 0
1 r63 
6
6 23
1 r62 
6 24
1 r62 
6 25
1 r62 
6 27
1 r62 
6 28
1 r62 
8 0
1 r62 
6
6 23
1 r61 
6 24
1 r61 
6 25
1 r61 
6 27
1 r61 
6 28
1 r61 
8 0
1 r61 
6
6 23
1 r60 
6 24
1 r60 
6 25
1 r60 
6 27
1 r60 
6 28
1 r60 
8 0
1 r60 
10
6 19
1 r58 
6 20
1 r58 
6 21
1 r58 
6 22
1 r58 
6 23
1 r58 
6 24
1 r58 
6 25
1 r58 
6 27
1 r58 
6 28
1 r58 
8 0
1 r58 
10
6 19
1 r57 
6 20
1 r57 
6 21
1 r57 
6 22
1 r57 
6 23
1 r57 
6 24
1 r57 
6 25
1 r57 
6 27
1 r57 
6 28
1 r57 
8 0
1 r57 
12
6 9
1 r55 
6 10
1 r55 
6 19
1 r55 
6 20
1 r55 
6 21
1 r55 
6 22
1 r55 
6 23
1 r55 
6 24
1 r55 
6 25
1 r55 
6 27
1 r55 
6 28
1 r55 
8 0
1 r55 
12
6 9
1 r54 
6 10
1 r54 
6 19
1 r54 
6 20
1 r54 
6 21
1 r54 
6 22
1 r54 
6 23
1 r54 
6 24
1 r54 
6 25
1 r54 
6 27
1 r54 
6 28
1 r54 
8 0
1 r54 
12
6 9
1 r53 
6 10
1 r53 
6 19
1 r53 
6 20
1 r53 
6 21
1 r53 
6 22
1 r53 
6 23
1 r53 
6 24
1 r53 
6 25
1 r53 
6 27
1 r53 
6 28
1 r53 
8 0
1 r53 
16
6 0
1 s17 
6 5
1 s15 
10 Expr1
1  16 
10 Expr10
1  245 
10 Expr2
1  63 
10 Expr3
1  62 
10 Expr4
1  61 
10 Expr5
1  60 
10 Expr6
1  59 
10 Expr7
1  58 
10 Expr8
1  57 
10 Expr9
1  56 
10 Mnum
1  18 
10 Mvar
1  55 
11 
1 s37 
12 
1 s38 
15
6 0
1 s17 
6 5
1 s15 
10 Expr1
1  16 
10 Expr2
1  63 
10 Expr3
1  62 
10 Expr4
1  61 
10 Expr5
1  60 
10 Expr6
1  59 
10 Expr7
1  58 
10 Expr8
1  57 
10 Expr9
1  246 
10 Mnum
1  18 
10 Mvar
1  128 
11 
1 s37 
12 
1 s129 
14
6 0
1 s17 
6 5
1 s15 
10 Expr1
1  16 
10 Expr2
1  63 
10 Expr3
1  62 
10 Expr4
1  61 
10 Expr5
1  60 
10 Expr6
1  59 
10 Expr7
1  58 
10 Expr8
1  247 
10 Mnum
1  18 
10 Mvar
1  128 
11 
1 s37 
12 
1 s129 
13
6 0
1 s17 
6 5
1 s15 
10 Expr1
1  16 
10 Expr2
1  63 
10 Expr3
1  62 
10 Expr4
1  61 
10 Expr5
1  60 
10 Expr6
1  59 
10 Expr7
1  248 
10 Mnum
1  18 
10 Mvar
1  128 
11 
1 s37 
12 
1 s129 
12
6 0
1 s17 
6 5
1 s15 
10 Expr1
1  16 
10 Expr2
1  63 
10 Expr3
1  62 
10 Expr4
1  61 
10 Expr5
1  60 
10 Expr6
1  249 
10 Mnum
1  18 
10 Mvar
1  128 
11 
1 s37 
12 
1 s129 
12
6 0
1 s17 
6 5
1 s15 
10 Expr1
1  16 
10 Expr2
1  63 
10 Expr3
1  62 
10 Expr4
1  61 
10 Expr5
1  60 
10 Expr6
1  250 
10 Mnum
1  18 
10 Mvar
1  128 
11 
1 s37 
12 
1 s129 
11
6 0
1 s17 
6 5
1 s15 
10 Expr1
1  16 
10 Expr2
1  63 
10 Expr3
1  62 
10 Expr4
1  61 
10 Expr5
1  251 
10 Mnum
1  18 
10 Mvar
1  128 
11 
1 s37 
12 
1 s129 
11
6 0
1 s17 
6 5
1 s15 
10 Expr1
1  16 
10 Expr2
1  63 
10 Expr3
1  62 
10 Expr4
1  61 
10 Expr5
1  252 
10 Mnum
1  18 
10 Mvar
1  128 
11 
1 s37 
12 
1 s129 
11
6 0
1 s17 
6 5
1 s15 
10 Expr1
1  16 
10 Expr2
1  63 
10 Expr3
1  62 
10 Expr4
1  61 
10 Expr5
1  253 
10 Mnum
1  18 
10 Mvar
1  128 
11 
1 s37 
12 
1 s129 
11
6 0
1 s17 
6 5
1 s15 
10 Expr1
1  16 
10 Expr2
1  63 
10 Expr3
1  62 
10 Expr4
1  61 
10 Expr5
1  254 
10 Mnum
1  18 
10 Mvar
1  128 
11 
1 s37 
12 
1 s129 
10
6 0
1 s17 
6 5
1 s15 
10 Expr1
1  16 
10 Expr2
1  63 
10 Expr3
1  62 
10 Expr4
1  255 
10 Mnum
1  18 
10 Mvar
1  128 
11 
1 s37 
12 
1 s129 
10
6 0
1 s17 
6 5
1 s15 
10 Expr1
1  16 
10 Expr2
1  63 
10 Expr3
1  62 
10 Expr4
1  256 
10 Mnum
1  18 
10 Mvar
1  128 
11 
1 s37 
12 
1 s129 
9
6 0
1 s17 
6 5
1 s15 
10 Expr1
1  16 
10 Expr2
1  63 
10 Expr3
1  257 
10 Mnum
1  18 
10 Mvar
1  128 
11 
1 s37 
12 
1 s129 
9
6 0
1 s17 
6 5
1 s15 
10 Expr1
1  16 
10 Expr2
1  63 
10 Expr3
1  258 
10 Mnum
1  18 
10 Mvar
1  128 
11 
1 s37 
12 
1 s129 
9
6 0
1 s17 
6 5
1 s15 
10 Expr1
1  16 
10 Expr2
1  63 
10 Expr3
1  259 
10 Mnum
1  18 
10 Mvar
1  128 
11 
1 s37 
12 
1 s129 
16
6 0
1 s78 
6 5
1 s75 
10 Expr1
1  76 
10 Expr10
1  260 
10 Expr2
1  74 
10 Expr3
1  73 
10 Expr4
1  72 
10 Expr5
1  71 
10 Expr6
1  70 
10 Expr7
1  69 
10 Expr8
1  68 
10 Expr9
1  67 
10 Mnum
1  79 
10 Mvar
1  66 
11 
1 s81 
12 
1 s82 
15
6 0
1 s78 
6 5
1 s75 
10 Expr1
1  76 
10 Expr2
1  74 
10 Expr3
1  73 
10 Expr4
1  72 
10 Expr5
1  71 
10 Expr6
1  70 
10 Expr7
1  69 
10 Expr8
1  68 
10 Expr9
1  261 
10 Mnum
1  79 
10 Mvar
1  262 
11 
1 s81 
12 
1 s263 
14
6 0
1 s78 
6 5
1 s75 
10 Expr1
1  76 
10 Expr2
1  74 
10 Expr3
1  73 
10 Expr4
1  72 
10 Expr5
1  71 
10 Expr6
1  70 
10 Expr7
1  69 
10 Expr8
1  264 
10 Mnum
1  79 
10 Mvar
1  262 
11 
1 s81 
12 
1 s263 
13
6 0
1 s78 
6 5
1 s75 
10 Expr1
1  76 
10 Expr2
1  74 
10 Expr3
1  73 
10 Expr4
1  72 
10 Expr5
1  71 
10 Expr6
1  70 
10 Expr7
1  265 
10 Mnum
1  79 
10 Mvar
1  262 
11 
1 s81 
12 
1 s263 
12
6 0
1 s78 
6 5
1 s75 
10 Expr1
1  76 
10 Expr2
1  74 
10 Expr3
1  73 
10 Expr4
1  72 
10 Expr5
1  71 
10 Expr6
1  266 
10 Mnum
1  79 
10 Mvar
1  262 
11 
1 s81 
12 
1 s263 
12
6 0
1 s78 
6 5
1 s75 
10 Expr1
1  76 
10 Expr2
1  74 
10 Expr3
1  73 
10 Expr4
1  72 
10 Expr5
1  71 
10 Expr6
1  267 
10 Mnum
1  79 
10 Mvar
1  262 
11 
1 s81 
12 
1 s263 
11
6 0
1 s78 
6 5
1 s75 
10 Expr1
1  76 
10 Expr2
1  74 
10 Expr3
1  73 
10 Expr4
1  72 
10 Expr5
1  268 
10 Mnum
1  79 
10 Mvar
1  262 
11 
1 s81 
12 
1 s263 
11
6 0
1 s78 
6 5
1 s75 
10 Expr1
1  76 
10 Expr2
1  74 
10 Expr3
1  73 
10 Expr4
1  72 
10 Expr5
1  269 
10 Mnum
1  79 
10 Mvar
1  262 
11 
1 s81 
12 
1 s263 
11
6 0
1 s78 
6 5
1 s75 
10 Expr1
1  76 
10 Expr2
1  74 
10 Expr3
1  73 
10 Expr4
1  72 
10 Expr5
1  270 
10 Mnum
1  79 
10 Mvar
1  262 
11 
1 s81 
12 
1 s263 
11
6 0
1 s78 
6 5
1 s75 
10 Expr1
1  76 
10 Expr2
1  74 
10 Expr3
1  73 
10 Expr4
1  72 
10 Expr5
1  271 
10 Mnum
1  79 
10 Mvar
1  262 
11 
1 s81 
12 
1 s263 
10
6 0
1 s78 
6 5
1 s75 
10 Expr1
1  76 
10 Expr2
1  74 
10 Expr3
1  73 
10 Expr4
1  272 
10 Mnum
1  79 
10 Mvar
1  262 
11 
1 s81 
12 
1 s263 
10
6 0
1 s78 
6 5
1 s75 
10 Expr1
1  76 
10 Expr2
1  74 
10 Expr3
1  73 
10 Expr4
1  273 
10 Mnum
1  79 
10 Mvar
1  262 
11 
1 s81 
12 
1 s263 
9
6 0
1 s78 
6 5
1 s75 
10 Expr1
1  76 
10 Expr2
1  74 
10 Expr3
1  274 
10 Mnum
1  79 
10 Mvar
1  262 
11 
1 s81 
12 
1 s263 
9
6 0
1 s78 
6 5
1 s75 
10 Expr1
1  76 
10 Expr2
1  74 
10 Expr3
1  275 
10 Mnum
1  79 
10 Mvar
1  262 
11 
1 s81 
12 
1 s263 
9
6 0
1 s78 
6 5
1 s75 
10 Expr1
1  76 
10 Expr2
1  74 
10 Expr3
1  276 
10 Mnum
1  79 
10 Mvar
1  262 
11 
1 s81 
12 
1 s263 
16
6 1
1 r47 
6 9
1 r47 
6 10
1 r47 
6 11
1 r47 
6 13
1 r47 
6 14
1 r47 
6 19
1 r47 
6 20
1 r47 
6 21
1 r47 
6 22
1 r47 
6 23
1 r47 
6 24
1 r47 
6 25
1 r47 
6 27
1 r47 
6 28
1 r47 
6 31
1 s277 
15
6 1
1 r73 
6 9
1 r73 
6 10
1 r73 
6 11
1 r73 
6 13
1 r73 
6 14
1 r73 
6 19
1 r73 
6 20
1 r73 
6 21
1 r73 
6 22
1 r73 
6 23
1 r73 
6 24
1 r73 
6 25
1 r73 
6 27
1 r73 
6 28
1 r73 
15
6 1
1 r71 
6 9
1 r71 
6 10
1 r71 
6 11
1 r71 
6 13
1 r71 
6 14
1 r71 
6 19
1 r71 
6 20
1 r71 
6 21
1 r71 
6 22
1 r71 
6 23
1 r71 
6 24
1 r71 
6 25
1 r71 
6 27
1 r71 
6 28
2 s278 r71 
15
6 1
1 r69 
6 9
1 r69 
6 10
1 r69 
6 11
1 r69 
6 13
1 r69 
6 14
1 r69 
6 19
1 r69 
6 20
1 r69 
6 21
1 r69 
6 22
1 r69 
6 23
1 r69 
6 24
1 r69 
6 25
1 r69 
6 27
2 s279 r69 
6 28
1 r69 
15
6 1
1 r67 
6 9
1 r67 
6 10
1 r67 
6 11
1 r67 
6 13
1 r67 
6 14
1 r67 
6 19
1 r67 
6 20
1 r67 
6 21
1 r67 
6 22
1 r67 
6 23
1 r67 
6 24
1 r67 
6 25
2 s280 r67 
6 27
1 r67 
6 28
1 r67 
15
6 1
1 r64 
6 9
1 r64 
6 10
1 r64 
6 11
1 r64 
6 13
1 r64 
6 14
1 r64 
6 19
1 r64 
6 20
1 r64 
6 21
1 r64 
6 22
1 r64 
6 23
2 s281 r64 
6 24
2 s282 r64 
6 25
1 r64 
6 27
1 r64 
6 28
1 r64 
15
6 1
1 r59 
6 9
1 r59 
6 10
1 r59 
6 11
1 r59 
6 13
1 r59 
6 14
1 r59 
6 19
2 s286 r59 
6 20
2 s284 r59 
6 21
2 s283 r59 
6 22
2 s285 r59 
6 23
1 r59 
6 24
1 r59 
6 25
1 r59 
6 27
1 r59 
6 28
1 r59 
15
6 1
1 r56 
6 9
2 s288 r56 
6 10
2 s287 r56 
6 11
1 r56 
6 13
1 r56 
6 14
1 r56 
6 19
1 r56 
6 20
1 r56 
6 21
1 r56 
6 22
1 r56 
6 23
1 r56 
6 24
1 r56 
6 25
1 r56 
6 27
1 r56 
6 28
1 r56 
15
6 1
1 r52 
6 9
1 r52 
6 10
1 r52 
6 11
2 s291 r52 
6 13
2 s290 r52 
6 14
2 s289 r52 
6 19
1 r52 
6 20
1 r52 
6 21
1 r52 
6 22
1 r52 
6 23
1 r52 
6 24
1 r52 
6 25
1 r52 
6 27
1 r52 
6 28
1 r52 
15
6 1
1 r51 
6 9
1 r51 
6 10
1 r51 
6 11
1 r51 
6 13
1 r51 
6 14
1 r51 
6 19
1 r51 
6 20
1 r51 
6 21
1 r51 
6 22
1 r51 
6 23
1 r51 
6 24
1 r51 
6 25
1 r51 
6 27
1 r51 
6 28
1 r51 
15
6 1
1 r46 
6 9
1 r46 
6 10
1 r46 
6 11
1 r46 
6 13
1 r46 
6 14
1 r46 
6 19
1 r46 
6 20
1 r46 
6 21
1 r46 
6 22
1 r46 
6 23
1 r46 
6 24
1 r46 
6 25
1 r46 
6 27
1 r46 
6 28
1 r46 
15
6 9
1 r49 
6 10
1 r49 
6 11
1 r49 
6 13
1 r49 
6 14
1 r49 
6 19
1 r49 
6 20
1 r49 
6 21
1 r49 
6 22
1 r49 
6 23
1 r49 
6 24
1 r49 
6 25
1 r49 
6 27
1 r49 
6 28
1 r49 
8 0
1 r49 
1
6 1
1 s292 
19
6 0
1 s200 
6 5
1 s198 
8 0
1 r45 
8 3
1 r45 
10 Expr
1  293 
10 Expr1
1  199 
10 Expr10
1  202 
10 Expr2
1  197 
10 Expr3
1  196 
10 Expr4
1  195 
10 Expr5
1  194 
10 Expr6
1  193 
10 Expr7
1  192 
10 Expr8
1  191 
10 Expr9
1  190 
10 Mnum
1  201 
10 Mvar
1  189 
11 
1 s207 
12 
1 s208 
3
10 Mvar
1  83 
10 Vars
1  294 
12 
1 s85 
1
8 0
1 r33 
17
6 9
1 r47 
6 10
1 r47 
6 11
1 r47 
6 13
1 r47 
6 14
1 r47 
6 19
1 r47 
6 20
1 r47 
6 21
1 r47 
6 22
1 r47 
6 23
1 r47 
6 24
1 r47 
6 25
1 r47 
6 27
1 r47 
6 28
1 r47 
6 31
1 s295 
8 0
1 r47 
8 3
1 r47 
2
8 0
1 r73 
8 3
1 r73 
3
6 28
1 s296 
8 0
1 r71 
8 3
1 r71 
4
6 27
1 s297 
6 28
1 r69 
8 0
1 r69 
8 3
1 r69 
5
6 25
1 s298 
6 27
1 r67 
6 28
1 r67 
8 0
1 r67 
8 3
1 r67 
7
6 23
1 s299 
6 24
1 s300 
6 25
1 r64 
6 27
1 r64 
6 28
1 r64 
8 0
1 r64 
8 3
1 r64 
11
6 19
1 s304 
6 20
1 s302 
6 21
1 s301 
6 22
1 s303 
6 23
1 r59 
6 24
1 r59 
6 25
1 r59 
6 27
1 r59 
6 28
1 r59 
8 0
1 r59 
8 3
1 r59 
13
6 9
1 s306 
6 10
1 s305 
6 19
1 r56 
6 20
1 r56 
6 21
1 r56 
6 22
1 r56 
6 23
1 r56 
6 24
1 r56 
6 25
1 r56 
6 27
1 r56 
6 28
1 r56 
8 0
1 r56 
8 3
1 r56 
16
6 9
1 r52 
6 10
1 r52 
6 11
1 s309 
6 13
1 s308 
6 14
1 s307 
6 19
1 r52 
6 20
1 r52 
6 21
1 r52 
6 22
1 r52 
6 23
1 r52 
6 24
1 r52 
6 25
1 r52 
6 27
1 r52 
6 28
1 r52 
8 0
1 r52 
8 3
1 r52 
33
6 0
1 s200 
6 5
1 s198 
6 9
1 r45 
6 10
1 r45 
6 11
1 r45 
6 13
1 r45 
6 14
1 r45 
6 19
1 r45 
6 20
1 r45 
6 21
1 r45 
6 22
1 r45 
6 23
1 r45 
6 24
1 r45 
6 25
1 r45 
6 27
1 r45 
6 28
1 r45 
8 0
1 r45 
8 3
1 r45 
10 Expr
1  319 
10 Expr1
1  199 
10 Expr10
1  320 
10 Expr2
1  318 
10 Expr3
1  317 
10 Expr4
1  316 
10 Expr5
1  315 
10 Expr6
1  314 
10 Expr7
1  313 
10 Expr8
1  312 
10 Expr9
1  311 
10 Mnum
1  201 
10 Mvar
1  310 
11 
1 s207 
12 
1 s208 
16
6 9
1 r50 
6 10
1 r50 
6 11
1 r50 
6 13
1 r50 
6 14
1 r50 
6 19
1 r50 
6 20
1 r50 
6 21
1 r50 
6 22
1 r50 
6 23
1 r50 
6 24
1 r50 
6 25
1 r50 
6 27
1 r50 
6 28
1 r50 
8 0
1 r50 
8 3
1 r50 
18
6 0
1 s78 
6 1
1 r45 
6 5
1 s75 
10 Expr
1  321 
10 Expr1
1  76 
10 Expr10
1  80 
10 Expr2
1  74 
10 Expr3
1  73 
10 Expr4
1  72 
10 Expr5
1  71 
10 Expr6
1  70 
10 Expr7
1  69 
10 Expr8
1  68 
10 Expr9
1  67 
10 Mnum
1  79 
10 Mvar
1  66 
11 
1 s81 
12 
1 s82 
16
6 9
1 r48 
6 10
1 r48 
6 11
1 r48 
6 13
1 r48 
6 14
1 r48 
6 19
1 r48 
6 20
1 r48 
6 21
1 r48 
6 22
1 r48 
6 23
1 r48 
6 24
1 r48 
6 25
1 r48 
6 27
1 r48 
6 28
1 r48 
8 0
1 r48 
8 3
1 r48 
2
8 0
1 r46 
8 3
1 r46 
2
8 0
1 r41 
8 3
1 s322 
1
8 0
1 r40 
1
8 0
1 r38 
1
8 0
1 s323 
16
6 9
1 r3 
6 10
1 r3 
6 11
1 r3 
6 13
1 r3 
6 14
1 r3 
6 19
1 r3 
6 20
1 r3 
6 21
1 r3 
6 22
1 r3 
6 23
1 r3 
6 24
1 r3 
6 25
1 r3 
6 27
1 r3 
6 28
1 r3 
8 0
1 r3 
8 3
1 r3 
17
6 9
1 r2 
6 10
1 r2 
6 11
1 r2 
6 13
1 r2 
6 14
1 r2 
6 19
1 r2 
6 20
1 r2 
6 21
1 r2 
6 22
1 r2 
6 23
1 r2 
6 24
1 r2 
6 25
1 r2 
6 27
1 r2 
6 28
1 r2 
6 31
1 r2 
8 0
1 r2 
8 3
1 r2 
1
7 11
1 r32 
25
5 1
1 s35 
5 3
1 s36 
6 0
1 s200 
6 5
1 s198 
8 0
1 r45 
8 3
1 r45 
10 Expr
1  203 
10 Expr1
1  199 
10 Expr10
1  202 
10 Expr2
1  197 
10 Expr3
1  196 
10 Expr4
1  195 
10 Expr5
1  194 
10 Expr6
1  193 
10 Expr7
1  192 
10 Expr8
1  191 
10 Expr9
1  190 
10 ExprsFirst
1  324 
10 MExprsFirst
1  205 
10 Mnum
1  201 
10 Mvar
1  189 
10 Type
1  20 
10 VarStmt
1  204 
11 
1 s207 
12 
1 s208 
1
6 0
1 s325 
1
7 11
1 s326 
18
6 0
1 s78 
6 1
1 r45 
6 5
1 s75 
10 Expr
1  327 
10 Expr1
1  76 
10 Expr10
1  80 
10 Expr2
1  74 
10 Expr3
1  73 
10 Expr4
1  72 
10 Expr5
1  71 
10 Expr6
1  70 
10 Expr7
1  69 
10 Expr8
1  68 
10 Expr9
1  67 
10 Mnum
1  79 
10 Mvar
1  66 
11 
1 s81 
12 
1 s82 
18
6 0
1 s78 
6 1
1 r45 
6 5
1 s75 
10 Expr
1  328 
10 Expr1
1  76 
10 Expr10
1  80 
10 Expr2
1  74 
10 Expr3
1  73 
10 Expr4
1  72 
10 Expr5
1  71 
10 Expr6
1  70 
10 Expr7
1  69 
10 Expr8
1  68 
10 Expr9
1  67 
10 Mnum
1  79 
10 Mvar
1  66 
11 
1 s81 
12 
1 s82 
5
10 Mnum
1  224 
10 Mvar
1  225 
10 PStmt
1  329 
11 
1 s227 
12 
1 s228 
3
10 Mvar
1  229 
10 SStmt
1  330 
12 
1 s228 
1
7 11
1 r16 
1
7 11
1 r15 
1
7 11
1 r14 
1
7 11
1 r12 
1
8 2
1 s331 
1
6 1
1 s332 
1
6 1
1 s333 
3
6 1
1 r26 
8 3
1 s334 
10 PVars
1  335 
3
6 1
1 r26 
8 3
1 s334 
10 PVars
1  336 
1
6 1
1 s337 
2
6 1
1 r3 
8 3
1 r3 
2
6 1
1 r2 
8 3
1 r2 
3
6 1
1 r20 
8 3
1 s338 
10 SVars
1  339 
1
6 1
1 s340 
18
5 1
1 r32 
5 3
1 r32 
6 0
1 r32 
6 5
1 r32 
7 1
1 r32 
7 2
1 r32 
7 4
1 r32 
7 6
1 r32 
7 8
1 r32 
7 9
1 r32 
7 11
1 r32 
7 12
1 r32 
7 13
1 r32 
8 0
1 r32 
8 1
1 r32 
8 2
1 r32 
11 
1 r32 
12 
1 r32 
25
5 1
1 s35 
5 3
1 s36 
6 0
1 s200 
6 5
1 s198 
8 0
1 r45 
8 3
1 r45 
10 Expr
1  203 
10 Expr1
1  199 
10 Expr10
1  202 
10 Expr2
1  197 
10 Expr3
1  196 
10 Expr4
1  195 
10 Expr5
1  194 
10 Expr6
1  193 
10 Expr7
1  192 
10 Expr8
1  191 
10 Expr9
1  190 
10 ExprsFirst
1  341 
10 MExprsFirst
1  205 
10 Mnum
1  201 
10 Mvar
1  189 
10 Type
1  20 
10 VarStmt
1  204 
11 
1 s207 
12 
1 s208 
1
7 11
1 s342 
18
6 0
1 s78 
6 1
1 r45 
6 5
1 s75 
10 Expr
1  343 
10 Expr1
1  76 
10 Expr10
1  80 
10 Expr2
1  74 
10 Expr3
1  73 
10 Expr4
1  72 
10 Expr5
1  71 
10 Expr6
1  70 
10 Expr7
1  69 
10 Expr8
1  68 
10 Expr9
1  67 
10 Mnum
1  79 
10 Mvar
1  66 
11 
1 s81 
12 
1 s82 
18
6 0
1 s78 
6 1
1 r45 
6 5
1 s75 
10 Expr
1  344 
10 Expr1
1  76 
10 Expr10
1  80 
10 Expr2
1  74 
10 Expr3
1  73 
10 Expr4
1  72 
10 Expr5
1  71 
10 Expr6
1  70 
10 Expr7
1  69 
10 Expr8
1  68 
10 Expr9
1  67 
10 Mnum
1  79 
10 Mvar
1  66 
11 
1 s81 
12 
1 s82 
5
10 Mnum
1  224 
10 Mvar
1  225 
10 PStmt
1  345 
11 
1 s227 
12 
1 s228 
3
10 Mvar
1  229 
10 SStmt
1  346 
12 
1 s228 
18
5 1
1 r16 
5 3
1 r16 
6 0
1 r16 
6 5
1 r16 
7 1
1 r16 
7 2
1 r16 
7 4
1 r16 
7 6
1 r16 
7 8
1 r16 
7 9
1 r16 
7 11
1 r16 
7 12
1 r16 
7 13
1 r16 
8 0
1 r16 
8 1
1 r16 
8 2
1 r16 
11 
1 r16 
12 
1 r16 
18
5 1
1 r15 
5 3
1 r15 
6 0
1 r15 
6 5
1 r15 
7 1
1 r15 
7 2
1 r15 
7 4
1 r15 
7 6
1 r15 
7 8
1 r15 
7 9
1 r15 
7 11
1 r15 
7 12
1 r15 
7 13
1 r15 
8 0
1 r15 
8 1
1 r15 
8 2
1 r15 
11 
1 r15 
12 
1 r15 
18
5 1
1 r14 
5 3
1 r14 
6 0
1 r14 
6 5
1 r14 
7 1
1 r14 
7 2
1 r14 
7 4
1 r14 
7 6
1 r14 
7 8
1 r14 
7 9
1 r14 
7 11
1 r14 
7 12
1 r14 
7 13
1 r14 
8 0
1 r14 
8 1
1 r14 
8 2
1 r14 
11 
1 r14 
12 
1 r14 
18
5 1
1 r12 
5 3
1 r12 
6 0
1 r12 
6 5
1 r12 
7 1
1 r12 
7 2
1 r12 
7 4
1 r12 
7 6
1 r12 
7 8
1 r12 
7 9
1 r12 
7 11
1 r12 
7 12
1 r12 
7 13
1 r12 
8 0
1 r12 
8 1
1 r12 
8 2
1 r12 
11 
1 r12 
12 
1 r12 
1
8 2
1 r9 
1
8 2
1 s347 
1
0 #
1 r6 
15
6 9
1 r74 
6 10
1 r74 
6 11
1 r74 
6 13
1 r74 
6 14
1 r74 
6 19
1 r74 
6 20
1 r74 
6 21
1 r74 
6 22
1 r74 
6 23
1 r74 
6 24
1 r74 
6 25
1 r74 
6 27
1 r74 
6 28
1 r74 
8 0
1 r74 
15
6 9
1 r72 
6 10
1 r72 
6 11
1 r72 
6 13
1 r72 
6 14
1 r72 
6 19
1 r72 
6 20
1 r72 
6 21
1 r72 
6 22
1 r72 
6 23
1 r72 
6 24
1 r72 
6 25
1 r72 
6 27
1 r72 
6 28
1 r72 
8 0
1 r72 
15
6 9
1 r70 
6 10
1 r70 
6 11
1 r70 
6 13
1 r70 
6 14
1 r70 
6 19
1 r70 
6 20
1 r70 
6 21
1 r70 
6 22
1 r70 
6 23
1 r70 
6 24
1 r70 
6 25
1 r70 
6 27
1 r70 
6 28
1 r70 
8 0
1 r70 
15
6 9
1 r68 
6 10
1 r68 
6 11
1 r68 
6 13
1 r68 
6 14
1 r68 
6 19
1 r68 
6 20
1 r68 
6 21
1 r68 
6 22
1 r68 
6 23
1 r68 
6 24
1 r68 
6 25
1 r68 
6 27
1 r68 
6 28
1 r68 
8 0
1 r68 
15
6 9
1 r66 
6 10
1 r66 
6 11
1 r66 
6 13
1 r66 
6 14
1 r66 
6 19
1 r66 
6 20
1 r66 
6 21
1 r66 
6 22
1 r66 
6 23
1 r66 
6 24
1 r66 
6 25
1 r66 
6 27
1 r66 
6 28
1 r66 
8 0
1 r66 
15
6 9
1 r65 
6 10
1 r65 
6 11
1 r65 
6 13
1 r65 
6 14
1 r65 
6 19
1 r65 
6 20
1 r65 
6 21
1 r65 
6 22
1 r65 
6 23
1 r65 
6 24
1 r65 
6 25
1 r65 
6 27
1 r65 
6 28
1 r65 
8 0
1 r65 
15
6 9
1 r63 
6 10
1 r63 
6 11
1 r63 
6 13
1 r63 
6 14
1 r63 
6 19
1 r63 
6 20
1 r63 
6 21
1 r63 
6 22
1 r63 
6 23
1 r63 
6 24
1 r63 
6 25
1 r63 
6 27
1 r63 
6 28
1 r63 
8 0
1 r63 
15
6 9
1 r62 
6 10
1 r62 
6 11
1 r62 
6 13
1 r62 
6 14
1 r62 
6 19
1 r62 
6 20
1 r62 
6 21
1 r62 
6 22
1 r62 
6 23
1 r62 
6 24
1 r62 
6 25
1 r62 
6 27
1 r62 
6 28
1 r62 
8 0
1 r62 
15
6 9
1 r61 
6 10
1 r61 
6 11
1 r61 
6 13
1 r61 
6 14
1 r61 
6 19
1 r61 
6 20
1 r61 
6 21
1 r61 
6 22
1 r61 
6 23
1 r61 
6 24
1 r61 
6 25
1 r61 
6 27
1 r61 
6 28
1 r61 
8 0
1 r61 
15
6 9
1 r60 
6 10
1 r60 
6 11
1 r60 
6 13
1 r60 
6 14
1 r60 
6 19
1 r60 
6 20
1 r60 
6 21
1 r60 
6 22
1 r60 
6 23
1 r60 
6 24
1 r60 
6 25
1 r60 
6 27
1 r60 
6 28
1 r60 
8 0
1 r60 
15
6 9
1 r58 
6 10
1 r58 
6 11
1 r58 
6 13
1 r58 
6 14
1 r58 
6 19
1 r58 
6 20
1 r58 
6 21
1 r58 
6 22
1 r58 
6 23
1 r58 
6 24
1 r58 
6 25
1 r58 
6 27
1 r58 
6 28
1 r58 
8 0
1 r58 
15
6 9
1 r57 
6 10
1 r57 
6 11
1 r57 
6 13
1 r57 
6 14
1 r57 
6 19
1 r57 
6 20
1 r57 
6 21
1 r57 
6 22
1 r57 
6 23
1 r57 
6 24
1 r57 
6 25
1 r57 
6 27
1 r57 
6 28
1 r57 
8 0
1 r57 
15
6 9
1 r55 
6 10
1 r55 
6 11
1 r55 
6 13
1 r55 
6 14
1 r55 
6 19
1 r55 
6 20
1 r55 
6 21
1 r55 
6 22
1 r55 
6 23
1 r55 
6 24
1 r55 
6 25
1 r55 
6 27
1 r55 
6 28
1 r55 
8 0
1 r55 
15
6 9
1 r54 
6 10
1 r54 
6 11
1 r54 
6 13
1 r54 
6 14
1 r54 
6 19
1 r54 
6 20
1 r54 
6 21
1 r54 
6 22
1 r54 
6 23
1 r54 
6 24
1 r54 
6 25
1 r54 
6 27
1 r54 
6 28
1 r54 
8 0
1 r54 
15
6 9
1 r53 
6 10
1 r53 
6 11
1 r53 
6 13
1 r53 
6 14
1 r53 
6 19
1 r53 
6 20
1 r53 
6 21
1 r53 
6 22
1 r53 
6 23
1 r53 
6 24
1 r53 
6 25
1 r53 
6 27
1 r53 
6 28
1 r53 
8 0
1 r53 
1
6 1
1 r74 
1
6 1
1 r72 
15
6 1
1 r47 
6 9
1 r47 
6 10
1 r47 
6 11
1 r47 
6 13
1 r47 
6 14
1 r47 
6 19
1 r47 
6 20
1 r47 
6 21
1 r47 
6 22
1 r47 
6 23
1 r47 
6 24
1 r47 
6 25
1 r47 
6 27
1 r47 
6 28
1 r47 
15
6 1
1 r2 
6 9
1 r2 
6 10
1 r2 
6 11
1 r2 
6 13
1 r2 
6 14
1 r2 
6 19
1 r2 
6 20
1 r2 
6 21
1 r2 
6 22
1 r2 
6 23
1 r2 
6 24
1 r2 
6 25
1 r2 
6 27
1 r2 
6 28
1 r2 
2
6 1
1 r70 
6 28
1 r70 
3
6 1
1 r68 
6 27
1 r68 
6 28
1 r68 
4
6 1
1 r66 
6 25
1 r66 
6 27
1 r66 
6 28
1 r66 
4
6 1
1 r65 
6 25
1 r65 
6 27
1 r65 
6 28
1 r65 
6
6 1
1 r63 
6 23
1 r63 
6 24
1 r63 
6 25
1 r63 
6 27
1 r63 
6 28
1 r63 
6
6 1
1 r62 
6 23
1 r62 
6 24
1 r62 
6 25
1 r62 
6 27
1 r62 
6 28
1 r62 
6
6 1
1 r61 
6 23
1 r61 
6 24
1 r61 
6 25
1 r61 
6 27
1 r61 
6 28
1 r61 
6
6 1
1 r60 
6 23
1 r60 
6 24
1 r60 
6 25
1 r60 
6 27
1 r60 
6 28
1 r60 
10
6 1
1 r58 
6 19
1 r58 
6 20
1 r58 
6 21
1 r58 
6 22
1 r58 
6 23
1 r58 
6 24
1 r58 
6 25
1 r58 
6 27
1 r58 
6 28
1 r58 
10
6 1
1 r57 
6 19
1 r57 
6 20
1 r57 
6 21
1 r57 
6 22
1 r57 
6 23
1 r57 
6 24
1 r57 
6 25
1 r57 
6 27
1 r57 
6 28
1 r57 
12
6 1
1 r55 
6 9
1 r55 
6 10
1 r55 
6 19
1 r55 
6 20
1 r55 
6 21
1 r55 
6 22
1 r55 
6 23
1 r55 
6 24
1 r55 
6 25
1 r55 
6 27
1 r55 
6 28
1 r55 
12
6 1
1 r54 
6 9
1 r54 
6 10
1 r54 
6 19
1 r54 
6 20
1 r54 
6 21
1 r54 
6 22
1 r54 
6 23
1 r54 
6 24
1 r54 
6 25
1 r54 
6 27
1 r54 
6 28
1 r54 
12
6 1
1 r53 
6 9
1 r53 
6 10
1 r53 
6 19
1 r53 
6 20
1 r53 
6 21
1 r53 
6 22
1 r53 
6 23
1 r53 
6 24
1 r53 
6 25
1 r53 
6 27
1 r53 
6 28
1 r53 
16
6 0
1 s78 
6 5
1 s75 
10 Expr1
1  76 
10 Expr10
1  348 
10 Expr2
1  181 
10 Expr3
1  180 
10 Expr4
1  179 
10 Expr5
1  178 
10 Expr6
1  177 
10 Expr7
1  176 
10 Expr8
1  175 
10 Expr9
1  174 
10 Mnum
1  79 
10 Mvar
1  173 
11 
1 s81 
12 
1 s82 
15
6 0
1 s78 
6 5
1 s75 
10 Expr1
1  76 
10 Expr2
1  181 
10 Expr3
1  180 
10 Expr4
1  179 
10 Expr5
1  178 
10 Expr6
1  177 
10 Expr7
1  176 
10 Expr8
1  175 
10 Expr9
1  349 
10 Mnum
1  79 
10 Mvar
1  262 
11 
1 s81 
12 
1 s263 
14
6 0
1 s78 
6 5
1 s75 
10 Expr1
1  76 
10 Expr2
1  181 
10 Expr3
1  180 
10 Expr4
1  179 
10 Expr5
1  178 
10 Expr6
1  177 
10 Expr7
1  176 
10 Expr8
1  350 
10 Mnum
1  79 
10 Mvar
1  262 
11 
1 s81 
12 
1 s263 
13
6 0
1 s78 
6 5
1 s75 
10 Expr1
1  76 
10 Expr2
1  181 
10 Expr3
1  180 
10 Expr4
1  179 
10 Expr5
1  178 
10 Expr6
1  177 
10 Expr7
1  351 
10 Mnum
1  79 
10 Mvar
1  262 
11 
1 s81 
12 
1 s263 
12
6 0
1 s78 
6 5
1 s75 
10 Expr1
1  76 
10 Expr2
1  181 
10 Expr3
1  180 
10 Expr4
1  179 
10 Expr5
1  178 
10 Expr6
1  352 
10 Mnum
1  79 
10 Mvar
1  262 
11 
1 s81 
12 
1 s263 
12
6 0
1 s78 
6 5
1 s75 
10 Expr1
1  76 
10 Expr2
1  181 
10 Expr3
1  180 
10 Expr4
1  179 
10 Expr5
1  178 
10 Expr6
1  353 
10 Mnum
1  79 
10 Mvar
1  262 
11 
1 s81 
12 
1 s263 
11
6 0
1 s78 
6 5
1 s75 
10 Expr1
1  76 
10 Expr2
1  181 
10 Expr3
1  180 
10 Expr4
1  179 
10 Expr5
1  354 
10 Mnum
1  79 
10 Mvar
1  262 
11 
1 s81 
12 
1 s263 
11
6 0
1 s78 
6 5
1 s75 
10 Expr1
1  76 
10 Expr2
1  181 
10 Expr3
1  180 
10 Expr4
1  179 
10 Expr5
1  355 
10 Mnum
1  79 
10 Mvar
1  262 
11 
1 s81 
12 
1 s263 
11
6 0
1 s78 
6 5
1 s75 
10 Expr1
1  76 
10 Expr2
1  181 
10 Expr3
1  180 
10 Expr4
1  179 
10 Expr5
1  356 
10 Mnum
1  79 
10 Mvar
1  262 
11 
1 s81 
12 
1 s263 
11
6 0
1 s78 
6 5
1 s75 
10 Expr1
1  76 
10 Expr2
1  181 
10 Expr3
1  180 
10 Expr4
1  179 
10 Expr5
1  357 
10 Mnum
1  79 
10 Mvar
1  262 
11 
1 s81 
12 
1 s263 
10
6 0
1 s78 
6 5
1 s75 
10 Expr1
1  76 
10 Expr2
1  181 
10 Expr3
1  180 
10 Expr4
1  358 
10 Mnum
1  79 
10 Mvar
1  262 
11 
1 s81 
12 
1 s263 
10
6 0
1 s78 
6 5
1 s75 
10 Expr1
1  76 
10 Expr2
1  181 
10 Expr3
1  180 
10 Expr4
1  359 
10 Mnum
1  79 
10 Mvar
1  262 
11 
1 s81 
12 
1 s263 
9
6 0
1 s78 
6 5
1 s75 
10 Expr1
1  76 
10 Expr2
1  181 
10 Expr3
1  360 
10 Mnum
1  79 
10 Mvar
1  262 
11 
1 s81 
12 
1 s263 
9
6 0
1 s78 
6 5
1 s75 
10 Expr1
1  76 
10 Expr2
1  181 
10 Expr3
1  361 
10 Mnum
1  79 
10 Mvar
1  262 
11 
1 s81 
12 
1 s263 
9
6 0
1 s78 
6 5
1 s75 
10 Expr1
1  76 
10 Expr2
1  181 
10 Expr3
1  362 
10 Mnum
1  79 
10 Mvar
1  262 
11 
1 s81 
12 
1 s263 
15
6 1
1 r49 
6 9
1 r49 
6 10
1 r49 
6 11
1 r49 
6 13
1 r49 
6 14
1 r49 
6 19
1 r49 
6 20
1 r49 
6 21
1 r49 
6 22
1 r49 
6 23
1 r49 
6 24
1 r49 
6 25
1 r49 
6 27
1 r49 
6 28
1 r49 
2
8 0
1 r35 
8 3
1 r35 
3
8 0
1 r36 
8 3
1 s187 
10 MVars
1  363 
16
6 0
1 s200 
6 5
1 s198 
10 Expr1
1  199 
10 Expr10
1  364 
10 Expr2
1  197 
10 Expr3
1  196 
10 Expr4
1  195 
10 Expr5
1  194 
10 Expr6
1  193 
10 Expr7
1  192 
10 Expr8
1  191 
10 Expr9
1  190 
10 Mnum
1  201 
10 Mvar
1  189 
11 
1 s207 
12 
1 s208 
15
6 0
1 s200 
6 5
1 s198 
10 Expr1
1  199 
10 Expr2
1  197 
10 Expr3
1  196 
10 Expr4
1  195 
10 Expr5
1  194 
10 Expr6
1  193 
10 Expr7
1  192 
10 Expr8
1  191 
10 Expr9
1  365 
10 Mnum
1  201 
10 Mvar
1  366 
11 
1 s207 
12 
1 s367 
14
6 0
1 s200 
6 5
1 s198 
10 Expr1
1  199 
10 Expr2
1  197 
10 Expr3
1  196 
10 Expr4
1  195 
10 Expr5
1  194 
10 Expr6
1  193 
10 Expr7
1  192 
10 Expr8
1  368 
10 Mnum
1  201 
10 Mvar
1  366 
11 
1 s207 
12 
1 s367 
13
6 0
1 s200 
6 5
1 s198 
10 Expr1
1  199 
10 Expr2
1  197 
10 Expr3
1  196 
10 Expr4
1  195 
10 Expr5
1  194 
10 Expr6
1  193 
10 Expr7
1  369 
10 Mnum
1  201 
10 Mvar
1  366 
11 
1 s207 
12 
1 s367 
12
6 0
1 s200 
6 5
1 s198 
10 Expr1
1  199 
10 Expr2
1  197 
10 Expr3
1  196 
10 Expr4
1  195 
10 Expr5
1  194 
10 Expr6
1  370 
10 Mnum
1  201 
10 Mvar
1  366 
11 
1 s207 
12 
1 s367 
12
6 0
1 s200 
6 5
1 s198 
10 Expr1
1  199 
10 Expr2
1  197 
10 Expr3
1  196 
10 Expr4
1  195 
10 Expr5
1  194 
10 Expr6
1  371 
10 Mnum
1  201 
10 Mvar
1  366 
11 
1 s207 
12 
1 s367 
11
6 0
1 s200 
6 5
1 s198 
10 Expr1
1  199 
10 Expr2
1  197 
10 Expr3
1  196 
10 Expr4
1  195 
10 Expr5
1  372 
10 Mnum
1  201 
10 Mvar
1  366 
11 
1 s207 
12 
1 s367 
11
6 0
1 s200 
6 5
1 s198 
10 Expr1
1  199 
10 Expr2
1  197 
10 Expr3
1  196 
10 Expr4
1  195 
10 Expr5
1  373 
10 Mnum
1  201 
10 Mvar
1  366 
11 
1 s207 
12 
1 s367 
11
6 0
1 s200 
6 5
1 s198 
10 Expr1
1  199 
10 Expr2
1  197 
10 Expr3
1  196 
10 Expr4
1  195 
10 Expr5
1  374 
10 Mnum
1  201 
10 Mvar
1  366 
11 
1 s207 
12 
1 s367 
11
6 0
1 s200 
6 5
1 s198 
10 Expr1
1  199 
10 Expr2
1  197 
10 Expr3
1  196 
10 Expr4
1  195 
10 Expr5
1  375 
10 Mnum
1  201 
10 Mvar
1  366 
11 
1 s207 
12 
1 s367 
10
6 0
1 s200 
6 5
1 s198 
10 Expr1
1  199 
10 Expr2
1  197 
10 Expr3
1  196 
10 Expr4
1  376 
10 Mnum
1  201 
10 Mvar
1  366 
11 
1 s207 
12 
1 s367 
10
6 0
1 s200 
6 5
1 s198 
10 Expr1
1  199 
10 Expr2
1  197 
10 Expr3
1  196 
10 Expr4
1  377 
10 Mnum
1  201 
10 Mvar
1  366 
11 
1 s207 
12 
1 s367 
9
6 0
1 s200 
6 5
1 s198 
10 Expr1
1  199 
10 Expr2
1  197 
10 Expr3
1  378 
10 Mnum
1  201 
10 Mvar
1  366 
11 
1 s207 
12 
1 s367 
9
6 0
1 s200 
6 5
1 s198 
10 Expr1
1  199 
10 Expr2
1  197 
10 Expr3
1  379 
10 Mnum
1  201 
10 Mvar
1  366 
11 
1 s207 
12 
1 s367 
9
6 0
1 s200 
6 5
1 s198 
10 Expr1
1  199 
10 Expr2
1  197 
10 Expr3
1  380 
10 Mnum
1  201 
10 Mvar
1  366 
11 
1 s207 
12 
1 s367 
17
6 9
1 r47 
6 10
1 r47 
6 11
1 r47 
6 13
1 r47 
6 14
1 r47 
6 19
1 r47 
6 20
1 r47 
6 21
1 r47 
6 22
1 r47 
6 23
1 r47 
6 24
1 r47 
6 25
1 r47 
6 27
1 r47 
6 28
1 r47 
6 31
1 s381 
8 0
1 r47 
8 3
1 r47 
16
6 9
1 r73 
6 10
1 r73 
6 11
1 r73 
6 13
1 r73 
6 14
1 r73 
6 19
1 r73 
6 20
1 r73 
6 21
1 r73 
6 22
1 r73 
6 23
1 r73 
6 24
1 r73 
6 25
1 r73 
6 27
1 r73 
6 28
1 r73 
8 0
1 r73 
8 3
1 r73 
16
6 9
1 r71 
6 10
1 r71 
6 11
1 r71 
6 13
1 r71 
6 14
1 r71 
6 19
1 r71 
6 20
1 r71 
6 21
1 r71 
6 22
1 r71 
6 23
1 r71 
6 24
1 r71 
6 25
1 r71 
6 27
1 r71 
6 28
2 s382 r71 
8 0
1 r71 
8 3
1 r71 
16
6 9
1 r69 
6 10
1 r69 
6 11
1 r69 
6 13
1 r69 
6 14
1 r69 
6 19
1 r69 
6 20
1 r69 
6 21
1 r69 
6 22
1 r69 
6 23
1 r69 
6 24
1 r69 
6 25
1 r69 
6 27
2 s383 r69 
6 28
1 r69 
8 0
1 r69 
8 3
1 r69 
16
6 9
1 r67 
6 10
1 r67 
6 11
1 r67 
6 13
1 r67 
6 14
1 r67 
6 19
1 r67 
6 20
1 r67 
6 21
1 r67 
6 22
1 r67 
6 23
1 r67 
6 24
1 r67 
6 25
2 s384 r67 
6 27
1 r67 
6 28
1 r67 
8 0
1 r67 
8 3
1 r67 
16
6 9
1 r64 
6 10
1 r64 
6 11
1 r64 
6 13
1 r64 
6 14
1 r64 
6 19
1 r64 
6 20
1 r64 
6 21
1 r64 
6 22
1 r64 
6 23
2 s385 r64 
6 24
2 s386 r64 
6 25
1 r64 
6 27
1 r64 
6 28
1 r64 
8 0
1 r64 
8 3
1 r64 
16
6 9
1 r59 
6 10
1 r59 
6 11
1 r59 
6 13
1 r59 
6 14
1 r59 
6 19
2 s390 r59 
6 20
2 s388 r59 
6 21
2 s387 r59 
6 22
2 s389 r59 
6 23
1 r59 
6 24
1 r59 
6 25
1 r59 
6 27
1 r59 
6 28
1 r59 
8 0
1 r59 
8 3
1 r59 
16
6 9
2 s392 r56 
6 10
2 s391 r56 
6 11
1 r56 
6 13
1 r56 
6 14
1 r56 
6 19
1 r56 
6 20
1 r56 
6 21
1 r56 
6 22
1 r56 
6 23
1 r56 
6 24
1 r56 
6 25
1 r56 
6 27
1 r56 
6 28
1 r56 
8 0
1 r56 
8 3
1 r56 
16
6 9
1 r52 
6 10
1 r52 
6 11
2 s395 r52 
6 13
2 s394 r52 
6 14
2 s393 r52 
6 19
1 r52 
6 20
1 r52 
6 21
1 r52 
6 22
1 r52 
6 23
1 r52 
6 24
1 r52 
6 25
1 r52 
6 27
1 r52 
6 28
1 r52 
8 0
1 r52 
8 3
1 r52 
16
6 9
1 r51 
6 10
1 r51 
6 11
1 r51 
6 13
1 r51 
6 14
1 r51 
6 19
1 r51 
6 20
1 r51 
6 21
1 r51 
6 22
1 r51 
6 23
1 r51 
6 24
1 r51 
6 25
1 r51 
6 27
1 r51 
6 28
1 r51 
8 0
1 r51 
8 3
1 r51 
16
6 9
1 r46 
6 10
1 r46 
6 11
1 r46 
6 13
1 r46 
6 14
1 r46 
6 19
1 r46 
6 20
1 r46 
6 21
1 r46 
6 22
1 r46 
6 23
1 r46 
6 24
1 r46 
6 25
1 r46 
6 27
1 r46 
6 28
1 r46 
8 0
1 r46 
8 3
1 r46 
1
6 1
1 s396 
24
5 1
1 s35 
5 3
1 s36 
6 0
1 s200 
6 5
1 s198 
8 0
1 r45 
8 3
1 r45 
10 Expr
1  203 
10 Expr1
1  199 
10 Expr10
1  202 
10 Expr2
1  197 
10 Expr3
1  196 
10 Expr4
1  195 
10 Expr5
1  194 
10 Expr6
1  193 
10 Expr7
1  192 
10 Expr8
1  191 
10 Expr9
1  190 
10 MExprsFirst
1  397 
10 Mnum
1  201 
10 Mvar
1  189 
10 Type
1  20 
10 VarStmt
1  204 
11 
1 s207 
12 
1 s208 
18
6 0
1 s17 
6 5
1 s15 
8 0
1 r45 
10 Expr
1  398 
10 Expr1
1  16 
10 Expr10
1  19 
10 Expr2
1  14 
10 Expr3
1  13 
10 Expr4
1  12 
10 Expr5
1  11 
10 Expr6
1  10 
10 Expr7
1  9 
10 Expr8
1  8 
10 Expr9
1  7 
10 Mnum
1  18 
10 Mvar
1  6 
11 
1 s37 
12 
1 s38 
1
8 0
1 s399 
18
6 0
1 s78 
6 1
1 r45 
6 5
1 s75 
10 Expr
1  400 
10 Expr1
1  76 
10 Expr10
1  80 
10 Expr2
1  74 
10 Expr3
1  73 
10 Expr4
1  72 
10 Expr5
1  71 
10 Expr6
1  70 
10 Expr7
1  69 
10 Expr8
1  68 
10 Expr9
1  67 
10 Mnum
1  79 
10 Mvar
1  66 
11 
1 s81 
12 
1 s82 
1
6 0
1 s401 
1
6 1
1 s402 
1
6 1
1 s403 
1
6 1
1 s404 
1
6 1
1 s405 
1
7 11
1 r6 
34
5 1
1 s35 
5 3
1 s36 
6 0
1 s17 
6 5
1 s15 
7 1
1 s29 
7 2
1 s28 
7 4
1 s23 
7 6
1 s22 
7 8
1 s25 
7 9
1 s30 
7 11
1 s24 
7 12
1 s26 
7 13
1 s27 
8 0
2 s31 r45 
8 1
1 s34 
10 Block
1  406 
10 Expr
1  32 
10 Expr1
1  16 
10 Expr10
1  19 
10 Expr2
1  14 
10 Expr3
1  13 
10 Expr4
1  12 
10 Expr5
1  11 
10 Expr6
1  10 
10 Expr7
1  9 
10 Expr8
1  8 
10 Expr9
1  7 
10 Mnum
1  18 
10 Mvar
1  6 
10 Stmt
1  33 
10 Type
1  20 
10 VarStmt
1  21 
11 
1 s37 
12 
1 s38 
34
5 1
1 s35 
5 3
1 s36 
6 0
1 s17 
6 5
1 s15 
7 1
1 s416 
7 2
1 s415 
7 4
1 s409 
7 6
1 s408 
7 8
1 s412 
7 9
1 s417 
7 11
1 s410 
7 12
1 s413 
7 13
1 s414 
8 0
2 s418 r45 
8 1
1 s421 
10 Block
1  411 
10 Expr
1  419 
10 Expr1
1  16 
10 Expr10
1  19 
10 Expr2
1  14 
10 Expr3
1  13 
10 Expr4
1  12 
10 Expr5
1  11 
10 Expr6
1  10 
10 Expr7
1  9 
10 Expr8
1  8 
10 Expr9
1  7 
10 Mnum
1  18 
10 Mvar
1  6 
10 Stmt
1  420 
10 Type
1  20 
10 VarStmt
1  407 
11 
1 s37 
12 
1 s38 
4
10 Mnum
1  422 
10 Mvar
1  423 
11 
1 s227 
12 
1 s228 
1
6 1
1 r23 
1
6 1
1 r22 
1
0 #
1 r21 
2
10 Mvar
1  424 
12 
1 s228 
1
6 1
1 r18 
1
0 #
1 r17 
1
8 0
1 s425 
1
6 0
1 s426 
1
6 1
1 s427 
1
6 1
1 s428 
1
6 1
1 s429 
1
6 1
1 s430 
1
8 2
1 r8 
15
6 1
1 r74 
6 9
1 r74 
6 10
1 r74 
6 11
1 r74 
6 13
1 r74 
6 14
1 r74 
6 19
1 r74 
6 20
1 r74 
6 21
1 r74 
6 22
1 r74 
6 23
1 r74 
6 24
1 r74 
6 25
1 r74 
6 27
1 r74 
6 28
1 r74 
15
6 1
1 r72 
6 9
1 r72 
6 10
1 r72 
6 11
1 r72 
6 13
1 r72 
6 14
1 r72 
6 19
1 r72 
6 20
1 r72 
6 21
1 r72 
6 22
1 r72 
6 23
1 r72 
6 24
1 r72 
6 25
1 r72 
6 27
1 r72 
6 28
1 r72 
15
6 1
1 r70 
6 9
1 r70 
6 10
1 r70 
6 11
1 r70 
6 13
1 r70 
6 14
1 r70 
6 19
1 r70 
6 20
1 r70 
6 21
1 r70 
6 22
1 r70 
6 23
1 r70 
6 24
1 r70 
6 25
1 r70 
6 27
1 r70 
6 28
1 r70 
15
6 1
1 r68 
6 9
1 r68 
6 10
1 r68 
6 11
1 r68 
6 13
1 r68 
6 14
1 r68 
6 19
1 r68 
6 20
1 r68 
6 21
1 r68 
6 22
1 r68 
6 23
1 r68 
6 24
1 r68 
6 25
1 r68 
6 27
1 r68 
6 28
1 r68 
15
6 1
1 r66 
6 9
1 r66 
6 10
1 r66 
6 11
1 r66 
6 13
1 r66 
6 14
1 r66 
6 19
1 r66 
6 20
1 r66 
6 21
1 r66 
6 22
1 r66 
6 23
1 r66 
6 24
1 r66 
6 25
1 r66 
6 27
1 r66 
6 28
1 r66 
15
6 1
1 r65 
6 9
1 r65 
6 10
1 r65 
6 11
1 r65 
6 13
1 r65 
6 14
1 r65 
6 19
1 r65 
6 20
1 r65 
6 21
1 r65 
6 22
1 r65 
6 23
1 r65 
6 24
1 r65 
6 25
1 r65 
6 27
1 r65 
6 28
1 r65 
15
6 1
1 r63 
6 9
1 r63 
6 10
1 r63 
6 11
1 r63 
6 13
1 r63 
6 14
1 r63 
6 19
1 r63 
6 20
1 r63 
6 21
1 r63 
6 22
1 r63 
6 23
1 r63 
6 24
1 r63 
6 25
1 r63 
6 27
1 r63 
6 28
1 r63 
15
6 1
1 r62 
6 9
1 r62 
6 10
1 r62 
6 11
1 r62 
6 13
1 r62 
6 14
1 r62 
6 19
1 r62 
6 20
1 r62 
6 21
1 r62 
6 22
1 r62 
6 23
1 r62 
6 24
1 r62 
6 25
1 r62 
6 27
1 r62 
6 28
1 r62 
15
6 1
1 r61 
6 9
1 r61 
6 10
1 r61 
6 11
1 r61 
6 13
1 r61 
6 14
1 r61 
6 19
1 r61 
6 20
1 r61 
6 21
1 r61 
6 22
1 r61 
6 23
1 r61 
6 24
1 r61 
6 25
1 r61 
6 27
1 r61 
6 28
1 r61 
15
6 1
1 r60 
6 9
1 r60 
6 10
1 r60 
6 11
1 r60 
6 13
1 r60 
6 14
1 r60 
6 19
1 r60 
6 20
1 r60 
6 21
1 r60 
6 22
1 r60 
6 23
1 r60 
6 24
1 r60 
6 25
1 r60 
6 27
1 r60 
6 28
1 r60 
15
6 1
1 r58 
6 9
1 r58 
6 10
1 r58 
6 11
1 r58 
6 13
1 r58 
6 14
1 r58 
6 19
1 r58 
6 20
1 r58 
6 21
1 r58 
6 22
1 r58 
6 23
1 r58 
6 24
1 r58 
6 25
1 r58 
6 27
1 r58 
6 28
1 r58 
15
6 1
1 r57 
6 9
1 r57 
6 10
1 r57 
6 11
1 r57 
6 13
1 r57 
6 14
1 r57 
6 19
1 r57 
6 20
1 r57 
6 21
1 r57 
6 22
1 r57 
6 23
1 r57 
6 24
1 r57 
6 25
1 r57 
6 27
1 r57 
6 28
1 r57 
15
6 1
1 r55 
6 9
1 r55 
6 10
1 r55 
6 11
1 r55 
6 13
1 r55 
6 14
1 r55 
6 19
1 r55 
6 20
1 r55 
6 21
1 r55 
6 22
1 r55 
6 23
1 r55 
6 24
1 r55 
6 25
1 r55 
6 27
1 r55 
6 28
1 r55 
15
6 1
1 r54 
6 9
1 r54 
6 10
1 r54 
6 11
1 r54 
6 13
1 r54 
6 14
1 r54 
6 19
1 r54 
6 20
1 r54 
6 21
1 r54 
6 22
1 r54 
6 23
1 r54 
6 24
1 r54 
6 25
1 r54 
6 27
1 r54 
6 28
1 r54 
15
6 1
1 r53 
6 9
1 r53 
6 10
1 r53 
6 11
1 r53 
6 13
1 r53 
6 14
1 r53 
6 19
1 r53 
6 20
1 r53 
6 21
1 r53 
6 22
1 r53 
6 23
1 r53 
6 24
1 r53 
6 25
1 r53 
6 27
1 r53 
6 28
1 r53 
1
8 0
1 r37 
2
8 0
1 r74 
8 3
1 r74 
2
8 0
1 r72 
8 3
1 r72 
16
6 9
1 r47 
6 10
1 r47 
6 11
1 r47 
6 13
1 r47 
6 14
1 r47 
6 19
1 r47 
6 20
1 r47 
6 21
1 r47 
6 22
1 r47 
6 23
1 r47 
6 24
1 r47 
6 25
1 r47 
6 27
1 r47 
6 28
1 r47 
8 0
1 r47 
8 3
1 r47 
16
6 9
1 r2 
6 10
1 r2 
6 11
1 r2 
6 13
1 r2 
6 14
1 r2 
6 19
1 r2 
6 20
1 r2 
6 21
1 r2 
6 22
1 r2 
6 23
1 r2 
6 24
1 r2 
6 25
1 r2 
6 27
1 r2 
6 28
1 r2 
8 0
1 r2 
8 3
1 r2 
3
6 28
1 r70 
8 0
1 r70 
8 3
1 r70 
4
6 27
1 r68 
6 28
1 r68 
8 0
1 r68 
8 3
1 r68 
5
6 25
1 r66 
6 27
1 r66 
6 28
1 r66 
8 0
1 r66 
8 3
1 r66 
5
6 25
1 r65 
6 27
1 r65 
6 28
1 r65 
8 0
1 r65 
8 3
1 r65 
7
6 23
1 r63 
6 24
1 r63 
6 25
1 r63 
6 27
1 r63 
6 28
1 r63 
8 0
1 r63 
8 3
1 r63 
7
6 23
1 r62 
6 24
1 r62 
6 25
1 r62 
6 27
1 r62 
6 28
1 r62 
8 0
1 r62 
8 3
1 r62 
7
6 23
1 r61 
6 24
1 r61 
6 25
1 r61 
6 27
1 r61 
6 28
1 r61 
8 0
1 r61 
8 3
1 r61 
7
6 23
1 r60 
6 24
1 r60 
6 25
1 r60 
6 27
1 r60 
6 28
1 r60 
8 0
1 r60 
8 3
1 r60 
11
6 19
1 r58 
6 20
1 r58 
6 21
1 r58 
6 22
1 r58 
6 23
1 r58 
6 24
1 r58 
6 25
1 r58 
6 27
1 r58 
6 28
1 r58 
8 0
1 r58 
8 3
1 r58 
11
6 19
1 r57 
6 20
1 r57 
6 21
1 r57 
6 22
1 r57 
6 23
1 r57 
6 24
1 r57 
6 25
1 r57 
6 27
1 r57 
6 28
1 r57 
8 0
1 r57 
8 3
1 r57 
13
6 9
1 r55 
6 10
1 r55 
6 19
1 r55 
6 20
1 r55 
6 21
1 r55 
6 22
1 r55 
6 23
1 r55 
6 24
1 r55 
6 25
1 r55 
6 27
1 r55 
6 28
1 r55 
8 0
1 r55 
8 3
1 r55 
13
6 9
1 r54 
6 10
1 r54 
6 19
1 r54 
6 20
1 r54 
6 21
1 r54 
6 22
1 r54 
6 23
1 r54 
6 24
1 r54 
6 25
1 r54 
6 27
1 r54 
6 28
1 r54 
8 0
1 r54 
8 3
1 r54 
13
6 9
1 r53 
6 10
1 r53 
6 19
1 r53 
6 20
1 r53 
6 21
1 r53 
6 22
1 r53 
6 23
1 r53 
6 24
1 r53 
6 25
1 r53 
6 27
1 r53 
6 28
1 r53 
8 0
1 r53 
8 3
1 r53 
16
6 0
1 s200 
6 5
1 s198 
10 Expr1
1  199 
10 Expr10
1  431 
10 Expr2
1  318 
10 Expr3
1  317 
10 Expr4
1  316 
10 Expr5
1  315 
10 Expr6
1  314 
10 Expr7
1  313 
10 Expr8
1  312 
10 Expr9
1  311 
10 Mnum
1  201 
10 Mvar
1  310 
11 
1 s207 
12 
1 s208 
15
6 0
1 s200 
6 5
1 s198 
10 Expr1
1  199 
10 Expr2
1  318 
10 Expr3
1  317 
10 Expr4
1  316 
10 Expr5
1  315 
10 Expr6
1  314 
10 Expr7
1  313 
10 Expr8
1  312 
10 Expr9
1  432 
10 Mnum
1  201 
10 Mvar
1  366 
11 
1 s207 
12 
1 s367 
14
6 0
1 s200 
6 5
1 s198 
10 Expr1
1  199 
10 Expr2
1  318 
10 Expr3
1  317 
10 Expr4
1  316 
10 Expr5
1  315 
10 Expr6
1  314 
10 Expr7
1  313 
10 Expr8
1  433 
10 Mnum
1  201 
10 Mvar
1  366 
11 
1 s207 
12 
1 s367 
13
6 0
1 s200 
6 5
1 s198 
10 Expr1
1  199 
10 Expr2
1  318 
10 Expr3
1  317 
10 Expr4
1  316 
10 Expr5
1  315 
10 Expr6
1  314 
10 Expr7
1  434 
10 Mnum
1  201 
10 Mvar
1  366 
11 
1 s207 
12 
1 s367 
12
6 0
1 s200 
6 5
1 s198 
10 Expr1
1  199 
10 Expr2
1  318 
10 Expr3
1  317 
10 Expr4
1  316 
10 Expr5
1  315 
10 Expr6
1  435 
10 Mnum
1  201 
10 Mvar
1  366 
11 
1 s207 
12 
1 s367 
12
6 0
1 s200 
6 5
1 s198 
10 Expr1
1  199 
10 Expr2
1  318 
10 Expr3
1  317 
10 Expr4
1  316 
10 Expr5
1  315 
10 Expr6
1  436 
10 Mnum
1  201 
10 Mvar
1  366 
11 
1 s207 
12 
1 s367 
11
6 0
1 s200 
6 5
1 s198 
10 Expr1
1  199 
10 Expr2
1  318 
10 Expr3
1  317 
10 Expr4
1  316 
10 Expr5
1  437 
10 Mnum
1  201 
10 Mvar
1  366 
11 
1 s207 
12 
1 s367 
11
6 0
1 s200 
6 5
1 s198 
10 Expr1
1  199 
10 Expr2
1  318 
10 Expr3
1  317 
10 Expr4
1  316 
10 Expr5
1  438 
10 Mnum
1  201 
10 Mvar
1  366 
11 
1 s207 
12 
1 s367 
11
6 0
1 s200 
6 5
1 s198 
10 Expr1
1  199 
10 Expr2
1  318 
10 Expr3
1  317 
10 Expr4
1  316 
10 Expr5
1  439 
10 Mnum
1  201 
10 Mvar
1  366 
11 
1 s207 
12 
1 s367 
11
6 0
1 s200 
6 5
1 s198 
10 Expr1
1  199 
10 Expr2
1  318 
10 Expr3
1  317 
10 Expr4
1  316 
10 Expr5
1  440 
10 Mnum
1  201 
10 Mvar
1  366 
11 
1 s207 
12 
1 s367 
10
6 0
1 s200 
6 5
1 s198 
10 Expr1
1  199 
10 Expr2
1  318 
10 Expr3
1  317 
10 Expr4
1  441 
10 Mnum
1  201 
10 Mvar
1  366 
11 
1 s207 
12 
1 s367 
10
6 0
1 s200 
6 5
1 s198 
10 Expr1
1  199 
10 Expr2
1  318 
10 Expr3
1  317 
10 Expr4
1  442 
10 Mnum
1  201 
10 Mvar
1  366 
11 
1 s207 
12 
1 s367 
9
6 0
1 s200 
6 5
1 s198 
10 Expr1
1  199 
10 Expr2
1  318 
10 Expr3
1  443 
10 Mnum
1  201 
10 Mvar
1  366 
11 
1 s207 
12 
1 s367 
9
6 0
1 s200 
6 5
1 s198 
10 Expr1
1  199 
10 Expr2
1  318 
10 Expr3
1  444 
10 Mnum
1  201 
10 Mvar
1  366 
11 
1 s207 
12 
1 s367 
9
6 0
1 s200 
6 5
1 s198 
10 Expr1
1  199 
10 Expr2
1  318 
10 Expr3
1  445 
10 Mnum
1  201 
10 Mvar
1  366 
11 
1 s207 
12 
1 s367 
16
6 9
1 r49 
6 10
1 r49 
6 11
1 r49 
6 13
1 r49 
6 14
1 r49 
6 19
1 r49 
6 20
1 r49 
6 21
1 r49 
6 22
1 r49 
6 23
1 r49 
6 24
1 r49 
6 25
1 r49 
6 27
1 r49 
6 28
1 r49 
8 0
1 r49 
8 3
1 r49 
1
8 0
1 r39 
1
8 0
1 s446 
18
6 0
1 s17 
6 5
1 s15 
8 0
1 r45 
10 Expr
1  447 
10 Expr1
1  16 
10 Expr10
1  19 
10 Expr2
1  14 
10 Expr3
1  13 
10 Expr4
1  12 
10 Expr5
1  11 
10 Expr6
1  10 
10 Expr7
1  9 
10 Expr8
1  8 
10 Expr9
1  7 
10 Mnum
1  18 
10 Mvar
1  6 
11 
1 s37 
12 
1 s38 
1
6 1
1 s448 
18
6 0
1 s78 
6 1
1 r45 
6 5
1 s75 
10 Expr
1  449 
10 Expr1
1  76 
10 Expr10
1  80 
10 Expr2
1  74 
10 Expr3
1  73 
10 Expr4
1  72 
10 Expr5
1  71 
10 Expr6
1  70 
10 Expr7
1  69 
10 Expr8
1  68 
10 Expr9
1  67 
10 Mnum
1  79 
10 Mvar
1  66 
11 
1 s81 
12 
1 s82 
34
5 1
1 s35 
5 3
1 s36 
6 0
1 s17 
6 5
1 s15 
7 1
1 s97 
7 2
1 s96 
7 4
1 s91 
7 6
1 s89 
7 8
1 s93 
7 9
1 s98 
7 11
1 s92 
7 12
1 s94 
7 13
1 s95 
8 0
2 s99 r45 
8 1
1 s102 
10 Block
1  450 
10 Expr
1  100 
10 Expr1
1  16 
10 Expr10
1  19 
10 Expr2
1  14 
10 Expr3
1  13 
10 Expr4
1  12 
10 Expr5
1  11 
10 Expr6
1  10 
10 Expr7
1  9 
10 Expr8
1  8 
10 Expr9
1  7 
10 Mnum
1  18 
10 Mvar
1  6 
10 Stmt
1  101 
10 Type
1  20 
10 VarStmt
1  88 
11 
1 s37 
12 
1 s38 
34
5 1
1 s35 
5 3
1 s36 
6 0
1 s17 
6 5
1 s15 
7 1
1 s460 
7 2
1 s459 
7 4
1 s453 
7 6
1 s452 
7 8
1 s456 
7 9
1 s461 
7 11
1 s454 
7 12
1 s457 
7 13
1 s458 
8 0
2 s462 r45 
8 1
1 s465 
10 Block
1  455 
10 Expr
1  463 
10 Expr1
1  16 
10 Expr10
1  19 
10 Expr2
1  14 
10 Expr3
1  13 
10 Expr4
1  12 
10 Expr5
1  11 
10 Expr6
1  10 
10 Expr7
1  9 
10 Expr8
1  8 
10 Expr9
1  7 
10 Mnum
1  18 
10 Mvar
1  6 
10 Stmt
1  464 
10 Type
1  20 
10 VarStmt
1  451 
11 
1 s37 
12 
1 s38 
1
7 11
1 r21 
1
7 11
1 r17 
1
0 #
1 r29 
1
8 0
1 s466 
1
6 0
1 s467 
34
5 1
1 s35 
5 3
1 s36 
6 0
1 s17 
6 5
1 s15 
7 1
1 s97 
7 2
1 s96 
7 4
1 s91 
7 6
1 s89 
7 8
1 s93 
7 9
1 s98 
7 11
1 s92 
7 12
1 s94 
7 13
1 s95 
8 0
2 s99 r45 
8 1
1 s102 
10 Block
1  468 
10 Expr
1  100 
10 Expr1
1  16 
10 Expr10
1  19 
10 Expr2
1  14 
10 Expr3
1  13 
10 Expr4
1  12 
10 Expr5
1  11 
10 Expr6
1  10 
10 Expr7
1  9 
10 Expr8
1  8 
10 Expr9
1  7 
10 Mnum
1  18 
10 Mvar
1  6 
10 Stmt
1  101 
10 Type
1  20 
10 VarStmt
1  88 
11 
1 s37 
12 
1 s38 
1
6 0
1 s469 
2
0 #
1 r27 
7 5
1 s470 
1
6 0
1 s471 
1
6 0
1 s472 
1
6 0
1 s473 
1
8 0
1 s474 
1
8 0
1 s475 
1
8 0
1 s476 
2
0 #
1 r13 
7 5
1 r13 
1
8 0
1 s477 
2
0 #
1 r7 
7 5
1 r7 
35
5 1
1 s35 
5 3
1 s36 
6 0
1 s17 
6 5
1 s15 
7 1
1 s119 
7 2
1 s118 
7 4
1 s113 
7 6
1 s112 
7 8
1 s115 
7 9
1 s120 
7 11
1 s114 
7 12
1 s116 
7 13
1 s117 
8 0
2 s121 r45 
8 1
1 s124 
8 2
1 r11 
10 Expr
1  122 
10 Expr1
1  16 
10 Expr10
1  19 
10 Expr2
1  14 
10 Expr3
1  13 
10 Expr4
1  12 
10 Expr5
1  11 
10 Expr6
1  10 
10 Expr7
1  9 
10 Expr8
1  8 
10 Expr9
1  7 
10 Mnum
1  18 
10 Mvar
1  6 
10 Stmt
1  123 
10 Stmts
1  478 
10 Type
1  20 
10 VarStmt
1  111 
11 
1 s37 
12 
1 s38 
3
6 1
1 r26 
8 3
1 s334 
10 PVars
1  479 
3
6 1
1 r26 
8 3
1 s334 
10 PVars
1  480 
3
6 1
1 r20 
8 3
1 s338 
10 SVars
1  481 
18
6 0
1 s17 
6 5
1 s15 
8 0
1 r45 
10 Expr
1  482 
10 Expr1
1  16 
10 Expr10
1  19 
10 Expr2
1  14 
10 Expr3
1  13 
10 Expr4
1  12 
10 Expr5
1  11 
10 Expr6
1  10 
10 Expr7
1  9 
10 Expr8
1  8 
10 Expr9
1  7 
10 Mnum
1  18 
10 Mvar
1  6 
11 
1 s37 
12 
1 s38 
18
6 0
1 s78 
6 1
1 r45 
6 5
1 s75 
10 Expr
1  483 
10 Expr1
1  76 
10 Expr10
1  80 
10 Expr2
1  74 
10 Expr3
1  73 
10 Expr4
1  72 
10 Expr5
1  71 
10 Expr6
1  70 
10 Expr7
1  69 
10 Expr8
1  68 
10 Expr9
1  67 
10 Mnum
1  79 
10 Mvar
1  66 
11 
1 s81 
12 
1 s82 
34
5 1
1 s35 
5 3
1 s36 
6 0
1 s17 
6 5
1 s15 
7 1
1 s119 
7 2
1 s118 
7 4
1 s113 
7 6
1 s112 
7 8
1 s115 
7 9
1 s120 
7 11
1 s114 
7 12
1 s116 
7 13
1 s117 
8 0
2 s121 r45 
8 1
1 s486 
10 Block
1  484 
10 Expr
1  122 
10 Expr1
1  16 
10 Expr10
1  19 
10 Expr2
1  14 
10 Expr3
1  13 
10 Expr4
1  12 
10 Expr5
1  11 
10 Expr6
1  10 
10 Expr7
1  9 
10 Expr8
1  8 
10 Expr9
1  7 
10 Mnum
1  18 
10 Mvar
1  6 
10 Stmt
1  485 
10 Type
1  20 
10 VarStmt
1  111 
11 
1 s37 
12 
1 s38 
34
5 1
1 s35 
5 3
1 s36 
6 0
1 s17 
6 5
1 s15 
7 1
1 s496 
7 2
1 s495 
7 4
1 s489 
7 6
1 s488 
7 8
1 s492 
7 9
1 s497 
7 11
1 s490 
7 12
1 s493 
7 13
1 s494 
8 0
2 s498 r45 
8 1
1 s501 
10 Block
1  491 
10 Expr
1  499 
10 Expr1
1  16 
10 Expr10
1  19 
10 Expr2
1  14 
10 Expr3
1  13 
10 Expr4
1  12 
10 Expr5
1  11 
10 Expr6
1  10 
10 Expr7
1  9 
10 Expr8
1  8 
10 Expr9
1  7 
10 Mnum
1  18 
10 Mvar
1  6 
10 Stmt
1  500 
10 Type
1  20 
10 VarStmt
1  487 
11 
1 s37 
12 
1 s38 
18
5 1
1 r21 
5 3
1 r21 
6 0
1 r21 
6 5
1 r21 
7 1
1 r21 
7 2
1 r21 
7 4
1 r21 
7 6
1 r21 
7 8
1 r21 
7 9
1 r21 
7 11
1 r21 
7 12
1 r21 
7 13
1 r21 
8 0
1 r21 
8 1
1 r21 
8 2
1 r21 
11 
1 r21 
12 
1 r21 
18
5 1
1 r17 
5 3
1 r17 
6 0
1 r17 
6 5
1 r17 
7 1
1 r17 
7 2
1 r17 
7 4
1 r17 
7 6
1 r17 
7 8
1 r17 
7 9
1 r17 
7 11
1 r17 
7 12
1 r17 
7 13
1 r17 
8 0
1 r17 
8 1
1 r17 
8 2
1 r17 
11 
1 r17 
12 
1 r17 
16
6 9
1 r74 
6 10
1 r74 
6 11
1 r74 
6 13
1 r74 
6 14
1 r74 
6 19
1 r74 
6 20
1 r74 
6 21
1 r74 
6 22
1 r74 
6 23
1 r74 
6 24
1 r74 
6 25
1 r74 
6 27
1 r74 
6 28
1 r74 
8 0
1 r74 
8 3
1 r74 
16
6 9
1 r72 
6 10
1 r72 
6 11
1 r72 
6 13
1 r72 
6 14
1 r72 
6 19
1 r72 
6 20
1 r72 
6 21
1 r72 
6 22
1 r72 
6 23
1 r72 
6 24
1 r72 
6 25
1 r72 
6 27
1 r72 
6 28
1 r72 
8 0
1 r72 
8 3
1 r72 
16
6 9
1 r70 
6 10
1 r70 
6 11
1 r70 
6 13
1 r70 
6 14
1 r70 
6 19
1 r70 
6 20
1 r70 
6 21
1 r70 
6 22
1 r70 
6 23
1 r70 
6 24
1 r70 
6 25
1 r70 
6 27
1 r70 
6 28
1 r70 
8 0
1 r70 
8 3
1 r70 
16
6 9
1 r68 
6 10
1 r68 
6 11
1 r68 
6 13
1 r68 
6 14
1 r68 
6 19
1 r68 
6 20
1 r68 
6 21
1 r68 
6 22
1 r68 
6 23
1 r68 
6 24
1 r68 
6 25
1 r68 
6 27
1 r68 
6 28
1 r68 
8 0
1 r68 
8 3
1 r68 
16
6 9
1 r66 
6 10
1 r66 
6 11
1 r66 
6 13
1 r66 
6 14
1 r66 
6 19
1 r66 
6 20
1 r66 
6 21
1 r66 
6 22
1 r66 
6 23
1 r66 
6 24
1 r66 
6 25
1 r66 
6 27
1 r66 
6 28
1 r66 
8 0
1 r66 
8 3
1 r66 
16
6 9
1 r65 
6 10
1 r65 
6 11
1 r65 
6 13
1 r65 
6 14
1 r65 
6 19
1 r65 
6 20
1 r65 
6 21
1 r65 
6 22
1 r65 
6 23
1 r65 
6 24
1 r65 
6 25
1 r65 
6 27
1 r65 
6 28
1 r65 
8 0
1 r65 
8 3
1 r65 
16
6 9
1 r63 
6 10
1 r63 
6 11
1 r63 
6 13
1 r63 
6 14
1 r63 
6 19
1 r63 
6 20
1 r63 
6 21
1 r63 
6 22
1 r63 
6 23
1 r63 
6 24
1 r63 
6 25
1 r63 
6 27
1 r63 
6 28
1 r63 
8 0
1 r63 
8 3
1 r63 
16
6 9
1 r62 
6 10
1 r62 
6 11
1 r62 
6 13
1 r62 
6 14
1 r62 
6 19
1 r62 
6 20
1 r62 
6 21
1 r62 
6 22
1 r62 
6 23
1 r62 
6 24
1 r62 
6 25
1 r62 
6 27
1 r62 
6 28
1 r62 
8 0
1 r62 
8 3
1 r62 
16
6 9
1 r61 
6 10
1 r61 
6 11
1 r61 
6 13
1 r61 
6 14
1 r61 
6 19
1 r61 
6 20
1 r61 
6 21
1 r61 
6 22
1 r61 
6 23
1 r61 
6 24
1 r61 
6 25
1 r61 
6 27
1 r61 
6 28
1 r61 
8 0
1 r61 
8 3
1 r61 
16
6 9
1 r60 
6 10
1 r60 
6 11
1 r60 
6 13
1 r60 
6 14
1 r60 
6 19
1 r60 
6 20
1 r60 
6 21
1 r60 
6 22
1 r60 
6 23
1 r60 
6 24
1 r60 
6 25
1 r60 
6 27
1 r60 
6 28
1 r60 
8 0
1 r60 
8 3
1 r60 
16
6 9
1 r58 
6 10
1 r58 
6 11
1 r58 
6 13
1 r58 
6 14
1 r58 
6 19
1 r58 
6 20
1 r58 
6 21
1 r58 
6 22
1 r58 
6 23
1 r58 
6 24
1 r58 
6 25
1 r58 
6 27
1 r58 
6 28
1 r58 
8 0
1 r58 
8 3
1 r58 
16
6 9
1 r57 
6 10
1 r57 
6 11
1 r57 
6 13
1 r57 
6 14
1 r57 
6 19
1 r57 
6 20
1 r57 
6 21
1 r57 
6 22
1 r57 
6 23
1 r57 
6 24
1 r57 
6 25
1 r57 
6 27
1 r57 
6 28
1 r57 
8 0
1 r57 
8 3
1 r57 
16
6 9
1 r55 
6 10
1 r55 
6 11
1 r55 
6 13
1 r55 
6 14
1 r55 
6 19
1 r55 
6 20
1 r55 
6 21
1 r55 
6 22
1 r55 
6 23
1 r55 
6 24
1 r55 
6 25
1 r55 
6 27
1 r55 
6 28
1 r55 
8 0
1 r55 
8 3
1 r55 
16
6 9
1 r54 
6 10
1 r54 
6 11
1 r54 
6 13
1 r54 
6 14
1 r54 
6 19
1 r54 
6 20
1 r54 
6 21
1 r54 
6 22
1 r54 
6 23
1 r54 
6 24
1 r54 
6 25
1 r54 
6 27
1 r54 
6 28
1 r54 
8 0
1 r54 
8 3
1 r54 
16
6 9
1 r53 
6 10
1 r53 
6 11
1 r53 
6 13
1 r53 
6 14
1 r53 
6 19
1 r53 
6 20
1 r53 
6 21
1 r53 
6 22
1 r53 
6 23
1 r53 
6 24
1 r53 
6 25
1 r53 
6 27
1 r53 
6 28
1 r53 
8 0
1 r53 
8 3
1 r53 
21
6 0
1 s513 
6 1
1 r45 
6 5
1 s511 
8 3
1 r45 
10 Expr
1  516 
10 Expr1
1  512 
10 Expr10
1  515 
10 Expr2
1  510 
10 Expr3
1  509 
10 Expr4
1  508 
10 Expr5
1  507 
10 Expr6
1  506 
10 Expr7
1  505 
10 Expr8
1  504 
10 Expr9
1  503 
10 Exprs
1  518 
10 MExprs
1  517 
10 Mnum
1  514 
10 Mvar
1  502 
11 
1 s519 
12 
1 s520 
1
8 0
1 s521 
1
0 #
1 r30 
1
6 1
1 s522 
1
7 11
1 r29 
1
8 0
1 s523 
1
6 0
1 s524 
34
5 1
1 s35 
5 3
1 s36 
6 0
1 s17 
6 5
1 s15 
7 1
1 s97 
7 2
1 s96 
7 4
1 s91 
7 6
1 s89 
7 8
1 s93 
7 9
1 s98 
7 11
1 s92 
7 12
1 s94 
7 13
1 s95 
8 0
2 s99 r45 
8 1
1 s102 
10 Block
1  525 
10 Expr
1  100 
10 Expr1
1  16 
10 Expr10
1  19 
10 Expr2
1  14 
10 Expr3
1  13 
10 Expr4
1  12 
10 Expr5
1  11 
10 Expr6
1  10 
10 Expr7
1  9 
10 Expr8
1  8 
10 Expr9
1  7 
10 Mnum
1  18 
10 Mvar
1  6 
10 Stmt
1  101 
10 Type
1  20 
10 VarStmt
1  88 
11 
1 s37 
12 
1 s38 
1
6 0
1 s526 
2
7 5
1 s527 
7 11
1 r27 
1
6 0
1 s528 
1
6 0
1 s529 
1
6 0
1 s530 
1
8 0
1 s531 
1
8 0
1 s532 
1
8 0
1 s533 
2
7 5
1 r13 
7 11
1 r13 
1
8 0
1 s534 
2
7 5
1 r7 
7 11
1 r7 
35
5 1
1 s35 
5 3
1 s36 
6 0
1 s17 
6 5
1 s15 
7 1
1 s119 
7 2
1 s118 
7 4
1 s113 
7 6
1 s112 
7 8
1 s115 
7 9
1 s120 
7 11
1 s114 
7 12
1 s116 
7 13
1 s117 
8 0
2 s121 r45 
8 1
1 s124 
8 2
1 r11 
10 Expr
1  122 
10 Expr1
1  16 
10 Expr10
1  19 
10 Expr2
1  14 
10 Expr3
1  13 
10 Expr4
1  12 
10 Expr5
1  11 
10 Expr6
1  10 
10 Expr7
1  9 
10 Expr8
1  8 
10 Expr9
1  7 
10 Mnum
1  18 
10 Mvar
1  6 
10 Stmt
1  123 
10 Stmts
1  535 
10 Type
1  20 
10 VarStmt
1  111 
11 
1 s37 
12 
1 s38 
2
0 #
1 r32 
7 5
1 r32 
25
5 1
1 s35 
5 3
1 s36 
6 0
1 s200 
6 5
1 s198 
8 0
1 r45 
8 3
1 r45 
10 Expr
1  203 
10 Expr1
1  199 
10 Expr10
1  202 
10 Expr2
1  197 
10 Expr3
1  196 
10 Expr4
1  195 
10 Expr5
1  194 
10 Expr6
1  193 
10 Expr7
1  192 
10 Expr8
1  191 
10 Expr9
1  190 
10 ExprsFirst
1  536 
10 MExprsFirst
1  205 
10 Mnum
1  201 
10 Mvar
1  189 
10 Type
1  20 
10 VarStmt
1  204 
11 
1 s207 
12 
1 s208 
1
7 11
1 s537 
18
6 0
1 s78 
6 1
1 r45 
6 5
1 s75 
10 Expr
1  538 
10 Expr1
1  76 
10 Expr10
1  80 
10 Expr2
1  74 
10 Expr3
1  73 
10 Expr4
1  72 
10 Expr5
1  71 
10 Expr6
1  70 
10 Expr7
1  69 
10 Expr8
1  68 
10 Expr9
1  67 
10 Mnum
1  79 
10 Mvar
1  66 
11 
1 s81 
12 
1 s82 
34
5 1
1 s35 
5 3
1 s36 
6 0
1 s17 
6 5
1 s15 
7 1
1 s29 
7 2
1 s28 
7 4
1 s23 
7 6
1 s22 
7 8
1 s25 
7 9
1 s30 
7 11
1 s24 
7 12
1 s26 
7 13
1 s27 
8 0
2 s31 r45 
8 1
1 s34 
10 Block
1  539 
10 Expr
1  32 
10 Expr1
1  16 
10 Expr10
1  19 
10 Expr2
1  14 
10 Expr3
1  13 
10 Expr4
1  12 
10 Expr5
1  11 
10 Expr6
1  10 
10 Expr7
1  9 
10 Expr8
1  8 
10 Expr9
1  7 
10 Mnum
1  18 
10 Mvar
1  6 
10 Stmt
1  33 
10 Type
1  20 
10 VarStmt
1  21 
11 
1 s37 
12 
1 s38 
18
6 0
1 s78 
6 1
1 r45 
6 5
1 s75 
10 Expr
1  540 
10 Expr1
1  76 
10 Expr10
1  80 
10 Expr2
1  74 
10 Expr3
1  73 
10 Expr4
1  72 
10 Expr5
1  71 
10 Expr6
1  70 
10 Expr7
1  69 
10 Expr8
1  68 
10 Expr9
1  67 
10 Mnum
1  79 
10 Mvar
1  66 
11 
1 s81 
12 
1 s82 
5
10 Mnum
1  224 
10 Mvar
1  225 
10 PStmt
1  541 
11 
1 s227 
12 
1 s228 
3
10 Mvar
1  229 
10 SStmt
1  542 
12 
1 s228 
2
0 #
1 r16 
7 5
1 r16 
2
0 #
1 r15 
7 5
1 r15 
2
0 #
1 r14 
7 5
1 r14 
2
0 #
1 r12 
7 5
1 r12 
1
8 2
1 s543 
1
6 1
1 r25 
1
6 1
1 r24 
1
6 1
1 r19 
1
8 0
1 s544 
1
6 1
1 s545 
18
5 1
1 r29 
5 3
1 r29 
6 0
1 r29 
6 5
1 r29 
7 1
1 r29 
7 2
1 r29 
7 4
1 r29 
7 6
1 r29 
7 8
1 r29 
7 9
1 r29 
7 11
1 r29 
7 12
1 r29 
7 13
1 r29 
8 0
1 r29 
8 1
1 r29 
8 2
1 r29 
11 
1 r29 
12 
1 r29 
18
5 1
1 r7 
5 3
1 r7 
6 0
1 r7 
6 5
1 r7 
7 1
1 r7 
7 2
1 r7 
7 4
1 r7 
7 6
1 r7 
7 8
1 r7 
7 9
1 r7 
7 11
1 r7 
7 12
1 r7 
7 13
1 r7 
8 0
1 r7 
8 1
1 r7 
8 2
1 r7 
11 
1 r7 
12 
1 r7 
35
5 1
1 s35 
5 3
1 s36 
6 0
1 s17 
6 5
1 s15 
7 1
1 s119 
7 2
1 s118 
7 4
1 s113 
7 6
1 s112 
7 8
1 s115 
7 9
1 s120 
7 11
1 s114 
7 12
1 s116 
7 13
1 s117 
8 0
2 s121 r45 
8 1
1 s124 
8 2
1 r11 
10 Expr
1  122 
10 Expr1
1  16 
10 Expr10
1  19 
10 Expr2
1  14 
10 Expr3
1  13 
10 Expr4
1  12 
10 Expr5
1  11 
10 Expr6
1  10 
10 Expr7
1  9 
10 Expr8
1  8 
10 Expr9
1  7 
10 Mnum
1  18 
10 Mvar
1  6 
10 Stmt
1  123 
10 Stmts
1  546 
10 Type
1  20 
10 VarStmt
1  111 
11 
1 s37 
12 
1 s38 
1
8 0
1 s547 
1
6 0
1 s548 
34
5 1
1 s35 
5 3
1 s36 
6 0
1 s17 
6 5
1 s15 
7 1
1 s97 
7 2
1 s96 
7 4
1 s91 
7 6
1 s89 
7 8
1 s93 
7 9
1 s98 
7 11
1 s92 
7 12
1 s94 
7 13
1 s95 
8 0
2 s99 r45 
8 1
1 s102 
10 Block
1  549 
10 Expr
1  100 
10 Expr1
1  16 
10 Expr10
1  19 
10 Expr2
1  14 
10 Expr3
1  13 
10 Expr4
1  12 
10 Expr5
1  11 
10 Expr6
1  10 
10 Expr7
1  9 
10 Expr8
1  8 
10 Expr9
1  7 
10 Mnum
1  18 
10 Mvar
1  6 
10 Stmt
1  101 
10 Type
1  20 
10 VarStmt
1  88 
11 
1 s37 
12 
1 s38 
1
6 0
1 s550 
19
5 1
1 r27 
5 3
1 r27 
6 0
1 r27 
6 5
1 r27 
7 1
1 r27 
7 2
1 r27 
7 4
1 r27 
7 5
1 s551 
7 6
1 r27 
7 8
1 r27 
7 9
1 r27 
7 11
1 r27 
7 12
1 r27 
7 13
1 r27 
8 0
1 r27 
8 1
1 r27 
8 2
1 r27 
11 
1 r27 
12 
1 r27 
1
6 0
1 s552 
1
6 0
1 s553 
1
6 0
1 s554 
1
8 0
1 s555 
1
8 0
1 s556 
1
8 0
1 s557 
19
5 1
1 r13 
5 3
1 r13 
6 0
1 r13 
6 5
1 r13 
7 1
1 r13 
7 2
1 r13 
7 4
1 r13 
7 5
1 r13 
7 6
1 r13 
7 8
1 r13 
7 9
1 r13 
7 11
1 r13 
7 12
1 r13 
7 13
1 r13 
8 0
1 r13 
8 1
1 r13 
8 2
1 r13 
11 
1 r13 
12 
1 r13 
1
8 0
1 s558 
19
5 1
1 r7 
5 3
1 r7 
6 0
1 r7 
6 5
1 r7 
7 1
1 r7 
7 2
1 r7 
7 4
1 r7 
7 5
1 r7 
7 6
1 r7 
7 8
1 r7 
7 9
1 r7 
7 11
1 r7 
7 12
1 r7 
7 13
1 r7 
8 0
1 r7 
8 1
1 r7 
8 2
1 r7 
11 
1 r7 
12 
1 r7 
35
5 1
1 s35 
5 3
1 s36 
6 0
1 s17 
6 5
1 s15 
7 1
1 s119 
7 2
1 s118 
7 4
1 s113 
7 6
1 s112 
7 8
1 s115 
7 9
1 s120 
7 11
1 s114 
7 12
1 s116 
7 13
1 s117 
8 0
2 s121 r45 
8 1
1 s124 
8 2
1 r11 
10 Expr
1  122 
10 Expr1
1  16 
10 Expr10
1  19 
10 Expr2
1  14 
10 Expr3
1  13 
10 Expr4
1  12 
10 Expr5
1  11 
10 Expr6
1  10 
10 Expr7
1  9 
10 Expr8
1  8 
10 Expr9
1  7 
10 Mnum
1  18 
10 Mvar
1  6 
10 Stmt
1  123 
10 Stmts
1  559 
10 Type
1  20 
10 VarStmt
1  111 
11 
1 s37 
12 
1 s38 
17
6 1
1 r47 
6 9
1 r47 
6 10
1 r47 
6 11
1 r47 
6 13
1 r47 
6 14
1 r47 
6 19
1 r47 
6 20
1 r47 
6 21
1 r47 
6 22
1 r47 
6 23
1 r47 
6 24
1 r47 
6 25
1 r47 
6 27
1 r47 
6 28
1 r47 
6 31
1 s560 
8 3
1 r47 
2
6 1
1 r73 
8 3
1 r73 
3
6 1
1 r71 
6 28
1 s561 
8 3
1 r71 
4
6 1
1 r69 
6 27
1 s562 
6 28
1 r69 
8 3
1 r69 
5
6 1
1 r67 
6 25
1 s563 
6 27
1 r67 
6 28
1 r67 
8 3
1 r67 
7
6 1
1 r64 
6 23
1 s564 
6 24
1 s565 
6 25
1 r64 
6 27
1 r64 
6 28
1 r64 
8 3
1 r64 
11
6 1
1 r59 
6 19
1 s569 
6 20
1 s567 
6 21
1 s566 
6 22
1 s568 
6 23
1 r59 
6 24
1 r59 
6 25
1 r59 
6 27
1 r59 
6 28
1 r59 
8 3
1 r59 
13
6 1
1 r56 
6 9
1 s571 
6 10
1 s570 
6 19
1 r56 
6 20
1 r56 
6 21
1 r56 
6 22
1 r56 
6 23
1 r56 
6 24
1 r56 
6 25
1 r56 
6 27
1 r56 
6 28
1 r56 
8 3
1 r56 
16
6 1
1 r52 
6 9
1 r52 
6 10
1 r52 
6 11
1 s574 
6 13
1 s573 
6 14
1 s572 
6 19
1 r52 
6 20
1 r52 
6 21
1 r52 
6 22
1 r52 
6 23
1 r52 
6 24
1 r52 
6 25
1 r52 
6 27
1 r52 
6 28
1 r52 
8 3
1 r52 
33
6 0
1 s513 
6 1
1 r45 
6 5
1 s511 
6 9
1 r45 
6 10
1 r45 
6 11
1 r45 
6 13
1 r45 
6 14
1 r45 
6 19
1 r45 
6 20
1 r45 
6 21
1 r45 
6 22
1 r45 
6 23
1 r45 
6 24
1 r45 
6 25
1 r45 
6 27
1 r45 
6 28
1 r45 
8 3
1 r45 
10 Expr
1  584 
10 Expr1
1  512 
10 Expr10
1  585 
10 Expr2
1  583 
10 Expr3
1  582 
10 Expr4
1  581 
10 Expr5
1  580 
10 Expr6
1  579 
10 Expr7
1  578 
10 Expr8
1  577 
10 Expr9
1  576 
10 Mnum
1  514 
10 Mvar
1  575 
11 
1 s519 
12 
1 s520 
16
6 1
1 r50 
6 9
1 r50 
6 10
1 r50 
6 11
1 r50 
6 13
1 r50 
6 14
1 r50 
6 19
1 r50 
6 20
1 r50 
6 21
1 r50 
6 22
1 r50 
6 23
1 r50 
6 24
1 r50 
6 25
1 r50 
6 27
1 r50 
6 28
1 r50 
8 3
1 r50 
18
6 0
1 s78 
6 1
1 r45 
6 5
1 s75 
10 Expr
1  586 
10 Expr1
1  76 
10 Expr10
1  80 
10 Expr2
1  74 
10 Expr3
1  73 
10 Expr4
1  72 
10 Expr5
1  71 
10 Expr6
1  70 
10 Expr7
1  69 
10 Expr8
1  68 
10 Expr9
1  67 
10 Mnum
1  79 
10 Mvar
1  66 
11 
1 s81 
12 
1 s82 
16
6 1
1 r48 
6 9
1 r48 
6 10
1 r48 
6 11
1 r48 
6 13
1 r48 
6 14
1 r48 
6 19
1 r48 
6 20
1 r48 
6 21
1 r48 
6 22
1 r48 
6 23
1 r48 
6 24
1 r48 
6 25
1 r48 
6 27
1 r48 
6 28
1 r48 
8 3
1 r48 
2
6 1
1 r46 
8 3
1 r46 
2
6 1
1 r44 
8 3
1 s587 
1
6 1
1 r42 
1
6 1
1 s588 
16
6 1
1 r3 
6 9
1 r3 
6 10
1 r3 
6 11
1 r3 
6 13
1 r3 
6 14
1 r3 
6 19
1 r3 
6 20
1 r3 
6 21
1 r3 
6 22
1 r3 
6 23
1 r3 
6 24
1 r3 
6 25
1 r3 
6 27
1 r3 
6 28
1 r3 
8 3
1 r3 
17
6 1
1 r2 
6 9
1 r2 
6 10
1 r2 
6 11
1 r2 
6 13
1 r2 
6 14
1 r2 
6 19
1 r2 
6 20
1 r2 
6 21
1 r2 
6 22
1 r2 
6 23
1 r2 
6 24
1 r2 
6 25
1 r2 
6 27
1 r2 
6 28
1 r2 
6 31
1 r2 
8 3
1 r2 
21
6 0
1 s513 
6 1
1 r45 
6 5
1 s511 
8 3
1 r45 
10 Expr
1  516 
10 Expr1
1  512 
10 Expr10
1  515 
10 Expr2
1  510 
10 Expr3
1  509 
10 Expr4
1  508 
10 Expr5
1  507 
10 Expr6
1  506 
10 Expr7
1  505 
10 Expr8
1  504 
10 Expr9
1  503 
10 Exprs
1  589 
10 MExprs
1  517 
10 Mnum
1  514 
10 Mvar
1  502 
11 
1 s519 
12 
1 s520 
1
7 11
1 r30 
2
7 5
1 r32 
7 11
1 r32 
25
5 1
1 s35 
5 3
1 s36 
6 0
1 s200 
6 5
1 s198 
8 0
1 r45 
8 3
1 r45 
10 Expr
1  203 
10 Expr1
1  199 
10 Expr10
1  202 
10 Expr2
1  197 
10 Expr3
1  196 
10 Expr4
1  195 
10 Expr5
1  194 
10 Expr6
1  193 
10 Expr7
1  192 
10 Expr8
1  191 
10 Expr9
1  190 
10 ExprsFirst
1  590 
10 MExprsFirst
1  205 
10 Mnum
1  201 
10 Mvar
1  189 
10 Type
1  20 
10 VarStmt
1  204 
11 
1 s207 
12 
1 s208 
1
7 11
1 s591 
18
6 0
1 s78 
6 1
1 r45 
6 5
1 s75 
10 Expr
1  592 
10 Expr1
1  76 
10 Expr10
1  80 
10 Expr2
1  74 
10 Expr3
1  73 
10 Expr4
1  72 
10 Expr5
1  71 
10 Expr6
1  70 
10 Expr7
1  69 
10 Expr8
1  68 
10 Expr9
1  67 
10 Mnum
1  79 
10 Mvar
1  66 
11 
1 s81 
12 
1 s82 
34
5 1
1 s35 
5 3
1 s36 
6 0
1 s17 
6 5
1 s15 
7 1
1 s97 
7 2
1 s96 
7 4
1 s91 
7 6
1 s89 
7 8
1 s93 
7 9
1 s98 
7 11
1 s92 
7 12
1 s94 
7 13
1 s95 
8 0
2 s99 r45 
8 1
1 s102 
10 Block
1  593 
10 Expr
1  100 
10 Expr1
1  16 
10 Expr10
1  19 
10 Expr2
1  14 
10 Expr3
1  13 
10 Expr4
1  12 
10 Expr5
1  11 
10 Expr6
1  10 
10 Expr7
1  9 
10 Expr8
1  8 
10 Expr9
1  7 
10 Mnum
1  18 
10 Mvar
1  6 
10 Stmt
1  101 
10 Type
1  20 
10 VarStmt
1  88 
11 
1 s37 
12 
1 s38 
18
6 0
1 s78 
6 1
1 r45 
6 5
1 s75 
10 Expr
1  594 
10 Expr1
1  76 
10 Expr10
1  80 
10 Expr2
1  74 
10 Expr3
1  73 
10 Expr4
1  72 
10 Expr5
1  71 
10 Expr6
1  70 
10 Expr7
1  69 
10 Expr8
1  68 
10 Expr9
1  67 
10 Mnum
1  79 
10 Mvar
1  66 
11 
1 s81 
12 
1 s82 
5
10 Mnum
1  224 
10 Mvar
1  225 
10 PStmt
1  595 
11 
1 s227 
12 
1 s228 
3
10 Mvar
1  229 
10 SStmt
1  596 
12 
1 s228 
2
7 5
1 r16 
7 11
1 r16 
2
7 5
1 r15 
7 11
1 r15 
2
7 5
1 r14 
7 11
1 r14 
2
7 5
1 r12 
7 11
1 r12 
1
8 2
1 s597 
1
8 0
1 s598 
1
6 0
1 s599 
1
6 1
1 s600 
1
0 #
1 r28 
1
6 1
1 s601 
1
6 1
1 s602 
1
6 1
1 s603 
2
0 #
1 r6 
7 5
1 r6 
21
6 0
1 s513 
6 1
1 r45 
6 5
1 s511 
8 3
1 r45 
10 Expr
1  516 
10 Expr1
1  512 
10 Expr10
1  515 
10 Expr2
1  510 
10 Expr3
1  509 
10 Expr4
1  508 
10 Expr5
1  507 
10 Expr6
1  506 
10 Expr7
1  505 
10 Expr8
1  504 
10 Expr9
1  503 
10 Exprs
1  604 
10 MExprs
1  517 
10 Mnum
1  514 
10 Mvar
1  502 
11 
1 s519 
12 
1 s520 
18
5 1
1 r30 
5 3
1 r30 
6 0
1 r30 
6 5
1 r30 
7 1
1 r30 
7 2
1 r30 
7 4
1 r30 
7 6
1 r30 
7 8
1 r30 
7 9
1 r30 
7 11
1 r30 
7 12
1 r30 
7 13
1 r30 
8 0
1 r30 
8 1
1 r30 
8 2
1 r30 
11 
1 r30 
12 
1 r30 
1
8 2
1 s605 
19
5 1
1 r32 
5 3
1 r32 
6 0
1 r32 
6 5
1 r32 
7 1
1 r32 
7 2
1 r32 
7 4
1 r32 
7 5
1 r32 
7 6
1 r32 
7 8
1 r32 
7 9
1 r32 
7 11
1 r32 
7 12
1 r32 
7 13
1 r32 
8 0
1 r32 
8 1
1 r32 
8 2
1 r32 
11 
1 r32 
12 
1 r32 
25
5 1
1 s35 
5 3
1 s36 
6 0
1 s200 
6 5
1 s198 
8 0
1 r45 
8 3
1 r45 
10 Expr
1  203 
10 Expr1
1  199 
10 Expr10
1  202 
10 Expr2
1  197 
10 Expr3
1  196 
10 Expr4
1  195 
10 Expr5
1  194 
10 Expr6
1  193 
10 Expr7
1  192 
10 Expr8
1  191 
10 Expr9
1  190 
10 ExprsFirst
1  606 
10 MExprsFirst
1  205 
10 Mnum
1  201 
10 Mvar
1  189 
10 Type
1  20 
10 VarStmt
1  204 
11 
1 s207 
12 
1 s208 
1
7 11
1 s607 
18
6 0
1 s78 
6 1
1 r45 
6 5
1 s75 
10 Expr
1  608 
10 Expr1
1  76 
10 Expr10
1  80 
10 Expr2
1  74 
10 Expr3
1  73 
10 Expr4
1  72 
10 Expr5
1  71 
10 Expr6
1  70 
10 Expr7
1  69 
10 Expr8
1  68 
10 Expr9
1  67 
10 Mnum
1  79 
10 Mvar
1  66 
11 
1 s81 
12 
1 s82 
34
5 1
1 s35 
5 3
1 s36 
6 0
1 s17 
6 5
1 s15 
7 1
1 s119 
7 2
1 s118 
7 4
1 s113 
7 6
1 s112 
7 8
1 s115 
7 9
1 s120 
7 11
1 s114 
7 12
1 s116 
7 13
1 s117 
8 0
2 s121 r45 
8 1
1 s486 
10 Block
1  609 
10 Expr
1  122 
10 Expr1
1  16 
10 Expr10
1  19 
10 Expr2
1  14 
10 Expr3
1  13 
10 Expr4
1  12 
10 Expr5
1  11 
10 Expr6
1  10 
10 Expr7
1  9 
10 Expr8
1  8 
10 Expr9
1  7 
10 Mnum
1  18 
10 Mvar
1  6 
10 Stmt
1  485 
10 Type
1  20 
10 VarStmt
1  111 
11 
1 s37 
12 
1 s38 
18
6 0
1 s78 
6 1
1 r45 
6 5
1 s75 
10 Expr
1  610 
10 Expr1
1  76 
10 Expr10
1  80 
10 Expr2
1  74 
10 Expr3
1  73 
10 Expr4
1  72 
10 Expr5
1  71 
10 Expr6
1  70 
10 Expr7
1  69 
10 Expr8
1  68 
10 Expr9
1  67 
10 Mnum
1  79 
10 Mvar
1  66 
11 
1 s81 
12 
1 s82 
5
10 Mnum
1  224 
10 Mvar
1  225 
10 PStmt
1  611 
11 
1 s227 
12 
1 s228 
3
10 Mvar
1  229 
10 SStmt
1  612 
12 
1 s228 
19
5 1
1 r16 
5 3
1 r16 
6 0
1 r16 
6 5
1 r16 
7 1
1 r16 
7 2
1 r16 
7 4
1 r16 
7 5
1 r16 
7 6
1 r16 
7 8
1 r16 
7 9
1 r16 
7 11
1 r16 
7 12
1 r16 
7 13
1 r16 
8 0
1 r16 
8 1
1 r16 
8 2
1 r16 
11 
1 r16 
12 
1 r16 
19
5 1
1 r15 
5 3
1 r15 
6 0
1 r15 
6 5
1 r15 
7 1
1 r15 
7 2
1 r15 
7 4
1 r15 
7 5
1 r15 
7 6
1 r15 
7 8
1 r15 
7 9
1 r15 
7 11
1 r15 
7 12
1 r15 
7 13
1 r15 
8 0
1 r15 
8 1
1 r15 
8 2
1 r15 
11 
1 r15 
12 
1 r15 
19
5 1
1 r14 
5 3
1 r14 
6 0
1 r14 
6 5
1 r14 
7 1
1 r14 
7 2
1 r14 
7 4
1 r14 
7 5
1 r14 
7 6
1 r14 
7 8
1 r14 
7 9
1 r14 
7 11
1 r14 
7 12
1 r14 
7 13
1 r14 
8 0
1 r14 
8 1
1 r14 
8 2
1 r14 
11 
1 r14 
12 
1 r14 
19
5 1
1 r12 
5 3
1 r12 
6 0
1 r12 
6 5
1 r12 
7 1
1 r12 
7 2
1 r12 
7 4
1 r12 
7 5
1 r12 
7 6
1 r12 
7 8
1 r12 
7 9
1 r12 
7 11
1 r12 
7 12
1 r12 
7 13
1 r12 
8 0
1 r12 
8 1
1 r12 
8 2
1 r12 
11 
1 r12 
12 
1 r12 
1
8 2
1 s613 
16
6 0
1 s513 
6 5
1 s511 
10 Expr1
1  512 
10 Expr10
1  614 
10 Expr2
1  510 
10 Expr3
1  509 
10 Expr4
1  508 
10 Expr5
1  507 
10 Expr6
1  506 
10 Expr7
1  505 
10 Expr8
1  504 
10 Expr9
1  503 
10 Mnum
1  514 
10 Mvar
1  502 
11 
1 s519 
12 
1 s520 
15
6 0
1 s513 
6 5
1 s511 
10 Expr1
1  512 
10 Expr2
1  510 
10 Expr3
1  509 
10 Expr4
1  508 
10 Expr5
1  507 
10 Expr6
1  506 
10 Expr7
1  505 
10 Expr8
1  504 
10 Expr9
1  615 
10 Mnum
1  514 
10 Mvar
1  616 
11 
1 s519 
12 
1 s617 
14
6 0
1 s513 
6 5
1 s511 
10 Expr1
1  512 
10 Expr2
1  510 
10 Expr3
1  509 
10 Expr4
1  508 
10 Expr5
1  507 
10 Expr6
1  506 
10 Expr7
1  505 
10 Expr8
1  618 
10 Mnum
1  514 
10 Mvar
1  616 
11 
1 s519 
12 
1 s617 
13
6 0
1 s513 
6 5
1 s511 
10 Expr1
1  512 
10 Expr2
1  510 
10 Expr3
1  509 
10 Expr4
1  508 
10 Expr5
1  507 
10 Expr6
1  506 
10 Expr7
1  619 
10 Mnum
1  514 
10 Mvar
1  616 
11 
1 s519 
12 
1 s617 
12
6 0
1 s513 
6 5
1 s511 
10 Expr1
1  512 
10 Expr2
1  510 
10 Expr3
1  509 
10 Expr4
1  508 
10 Expr5
1  507 
10 Expr6
1  620 
10 Mnum
1  514 
10 Mvar
1  616 
11 
1 s519 
12 
1 s617 
12
6 0
1 s513 
6 5
1 s511 
10 Expr1
1  512 
10 Expr2
1  510 
10 Expr3
1  509 
10 Expr4
1  508 
10 Expr5
1  507 
10 Expr6
1  621 
10 Mnum
1  514 
10 Mvar
1  616 
11 
1 s519 
12 
1 s617 
11
6 0
1 s513 
6 5
1 s511 
10 Expr1
1  512 
10 Expr2
1  510 
10 Expr3
1  509 
10 Expr4
1  508 
10 Expr5
1  622 
10 Mnum
1  514 
10 Mvar
1  616 
11 
1 s519 
12 
1 s617 
11
6 0
1 s513 
6 5
1 s511 
10 Expr1
1  512 
10 Expr2
1  510 
10 Expr3
1  509 
10 Expr4
1  508 
10 Expr5
1  623 
10 Mnum
1  514 
10 Mvar
1  616 
11 
1 s519 
12 
1 s617 
11
6 0
1 s513 
6 5
1 s511 
10 Expr1
1  512 
10 Expr2
1  510 
10 Expr3
1  509 
10 Expr4
1  508 
10 Expr5
1  624 
10 Mnum
1  514 
10 Mvar
1  616 
11 
1 s519 
12 
1 s617 
11
6 0
1 s513 
6 5
1 s511 
10 Expr1
1  512 
10 Expr2
1  510 
10 Expr3
1  509 
10 Expr4
1  508 
10 Expr5
1  625 
10 Mnum
1  514 
10 Mvar
1  616 
11 
1 s519 
12 
1 s617 
10
6 0
1 s513 
6 5
1 s511 
10 Expr1
1  512 
10 Expr2
1  510 
10 Expr3
1  509 
10 Expr4
1  626 
10 Mnum
1  514 
10 Mvar
1  616 
11 
1 s519 
12 
1 s617 
10
6 0
1 s513 
6 5
1 s511 
10 Expr1
1  512 
10 Expr2
1  510 
10 Expr3
1  509 
10 Expr4
1  627 
10 Mnum
1  514 
10 Mvar
1  616 
11 
1 s519 
12 
1 s617 
9
6 0
1 s513 
6 5
1 s511 
10 Expr1
1  512 
10 Expr2
1  510 
10 Expr3
1  628 
10 Mnum
1  514 
10 Mvar
1  616 
11 
1 s519 
12 
1 s617 
9
6 0
1 s513 
6 5
1 s511 
10 Expr1
1  512 
10 Expr2
1  510 
10 Expr3
1  629 
10 Mnum
1  514 
10 Mvar
1  616 
11 
1 s519 
12 
1 s617 
9
6 0
1 s513 
6 5
1 s511 
10 Expr1
1  512 
10 Expr2
1  510 
10 Expr3
1  630 
10 Mnum
1  514 
10 Mvar
1  616 
11 
1 s519 
12 
1 s617 
17
6 1
1 r47 
6 9
1 r47 
6 10
1 r47 
6 11
1 r47 
6 13
1 r47 
6 14
1 r47 
6 19
1 r47 
6 20
1 r47 
6 21
1 r47 
6 22
1 r47 
6 23
1 r47 
6 24
1 r47 
6 25
1 r47 
6 27
1 r47 
6 28
1 r47 
6 31
1 s631 
8 3
1 r47 
16
6 1
1 r73 
6 9
1 r73 
6 10
1 r73 
6 11
1 r73 
6 13
1 r73 
6 14
1 r73 
6 19
1 r73 
6 20
1 r73 
6 21
1 r73 
6 22
1 r73 
6 23
1 r73 
6 24
1 r73 
6 25
1 r73 
6 27
1 r73 
6 28
1 r73 
8 3
1 r73 
16
6 1
1 r71 
6 9
1 r71 
6 10
1 r71 
6 11
1 r71 
6 13
1 r71 
6 14
1 r71 
6 19
1 r71 
6 20
1 r71 
6 21
1 r71 
6 22
1 r71 
6 23
1 r71 
6 24
1 r71 
6 25
1 r71 
6 27
1 r71 
6 28
2 s632 r71 
8 3
1 r71 
16
6 1
1 r69 
6 9
1 r69 
6 10
1 r69 
6 11
1 r69 
6 13
1 r69 
6 14
1 r69 
6 19
1 r69 
6 20
1 r69 
6 21
1 r69 
6 22
1 r69 
6 23
1 r69 
6 24
1 r69 
6 25
1 r69 
6 27
2 s633 r69 
6 28
1 r69 
8 3
1 r69 
16
6 1
1 r67 
6 9
1 r67 
6 10
1 r67 
6 11
1 r67 
6 13
1 r67 
6 14
1 r67 
6 19
1 r67 
6 20
1 r67 
6 21
1 r67 
6 22
1 r67 
6 23
1 r67 
6 24
1 r67 
6 25
2 s634 r67 
6 27
1 r67 
6 28
1 r67 
8 3
1 r67 
16
6 1
1 r64 
6 9
1 r64 
6 10
1 r64 
6 11
1 r64 
6 13
1 r64 
6 14
1 r64 
6 19
1 r64 
6 20
1 r64 
6 21
1 r64 
6 22
1 r64 
6 23
2 s635 r64 
6 24
2 s636 r64 
6 25
1 r64 
6 27
1 r64 
6 28
1 r64 
8 3
1 r64 
16
6 1
1 r59 
6 9
1 r59 
6 10
1 r59 
6 11
1 r59 
6 13
1 r59 
6 14
1 r59 
6 19
2 s640 r59 
6 20
2 s638 r59 
6 21
2 s637 r59 
6 22
2 s639 r59 
6 23
1 r59 
6 24
1 r59 
6 25
1 r59 
6 27
1 r59 
6 28
1 r59 
8 3
1 r59 
16
6 1
1 r56 
6 9
2 s642 r56 
6 10
2 s641 r56 
6 11
1 r56 
6 13
1 r56 
6 14
1 r56 
6 19
1 r56 
6 20
1 r56 
6 21
1 r56 
6 22
1 r56 
6 23
1 r56 
6 24
1 r56 
6 25
1 r56 
6 27
1 r56 
6 28
1 r56 
8 3
1 r56 
16
6 1
1 r52 
6 9
1 r52 
6 10
1 r52 
6 11
2 s645 r52 
6 13
2 s644 r52 
6 14
2 s643 r52 
6 19
1 r52 
6 20
1 r52 
6 21
1 r52 
6 22
1 r52 
6 23
1 r52 
6 24
1 r52 
6 25
1 r52 
6 27
1 r52 
6 28
1 r52 
8 3
1 r52 
16
6 1
1 r51 
6 9
1 r51 
6 10
1 r51 
6 11
1 r51 
6 13
1 r51 
6 14
1 r51 
6 19
1 r51 
6 20
1 r51 
6 21
1 r51 
6 22
1 r51 
6 23
1 r51 
6 24
1 r51 
6 25
1 r51 
6 27
1 r51 
6 28
1 r51 
8 3
1 r51 
16
6 1
1 r46 
6 9
1 r46 
6 10
1 r46 
6 11
1 r46 
6 13
1 r46 
6 14
1 r46 
6 19
1 r46 
6 20
1 r46 
6 21
1 r46 
6 22
1 r46 
6 23
1 r46 
6 24
1 r46 
6 25
1 r46 
6 27
1 r46 
6 28
1 r46 
8 3
1 r46 
1
6 1
1 s646 
20
6 0
1 s513 
6 1
1 r45 
6 5
1 s511 
8 3
1 r45 
10 Expr
1  516 
10 Expr1
1  512 
10 Expr10
1  515 
10 Expr2
1  510 
10 Expr3
1  509 
10 Expr4
1  508 
10 Expr5
1  507 
10 Expr6
1  506 
10 Expr7
1  505 
10 Expr8
1  504 
10 Expr9
1  503 
10 MExprs
1  647 
10 Mnum
1  514 
10 Mvar
1  502 
11 
1 s519 
12 
1 s520 
34
5 1
1 s35 
5 3
1 s36 
6 0
1 s17 
6 5
1 s15 
7 1
1 s29 
7 2
1 s28 
7 4
1 s23 
7 6
1 s22 
7 8
1 s25 
7 9
1 s30 
7 11
1 s24 
7 12
1 s26 
7 13
1 s27 
8 0
2 s31 r45 
8 1
1 s34 
10 Block
1  648 
10 Expr
1  32 
10 Expr1
1  16 
10 Expr10
1  19 
10 Expr2
1  14 
10 Expr3
1  13 
10 Expr4
1  12 
10 Expr5
1  11 
10 Expr6
1  10 
10 Expr7
1  9 
10 Expr8
1  8 
10 Expr9
1  7 
10 Mnum
1  18 
10 Mvar
1  6 
10 Stmt
1  33 
10 Type
1  20 
10 VarStmt
1  21 
11 
1 s37 
12 
1 s38 
1
6 1
1 s649 
1
8 0
1 s650 
1
6 0
1 s651 
1
6 1
1 s652 
1
7 11
1 r28 
1
6 1
1 s653 
1
6 1
1 s654 
1
6 1
1 s655 
2
7 5
1 r6 
7 11
1 r6 
18
6 0
1 s17 
6 5
1 s15 
8 0
1 r45 
10 Expr
1  656 
10 Expr1
1  16 
10 Expr10
1  19 
10 Expr2
1  14 
10 Expr3
1  13 
10 Expr4
1  12 
10 Expr5
1  11 
10 Expr6
1  10 
10 Expr7
1  9 
10 Expr8
1  8 
10 Expr9
1  7 
10 Mnum
1  18 
10 Mvar
1  6 
11 
1 s37 
12 
1 s38 
18
6 0
1 s78 
6 1
1 r45 
6 5
1 s75 
10 Expr
1  657 
10 Expr1
1  76 
10 Expr10
1  80 
10 Expr2
1  74 
10 Expr3
1  73 
10 Expr4
1  72 
10 Expr5
1  71 
10 Expr6
1  70 
10 Expr7
1  69 
10 Expr8
1  68 
10 Expr9
1  67 
10 Mnum
1  79 
10 Mvar
1  66 
11 
1 s81 
12 
1 s82 
34
5 1
1 s35 
5 3
1 s36 
6 0
1 s17 
6 5
1 s15 
7 1
1 s416 
7 2
1 s415 
7 4
1 s409 
7 6
1 s408 
7 8
1 s412 
7 9
1 s417 
7 11
1 s410 
7 12
1 s413 
7 13
1 s414 
8 0
2 s418 r45 
8 1
1 s421 
10 Block
1  658 
10 Expr
1  419 
10 Expr1
1  16 
10 Expr10
1  19 
10 Expr2
1  14 
10 Expr3
1  13 
10 Expr4
1  12 
10 Expr5
1  11 
10 Expr6
1  10 
10 Expr7
1  9 
10 Expr8
1  8 
10 Expr9
1  7 
10 Mnum
1  18 
10 Mvar
1  6 
10 Stmt
1  420 
10 Type
1  20 
10 VarStmt
1  407 
11 
1 s37 
12 
1 s38 
34
5 1
1 s35 
5 3
1 s36 
6 0
1 s17 
6 5
1 s15 
7 1
1 s416 
7 2
1 s415 
7 4
1 s409 
7 6
1 s408 
7 8
1 s412 
7 9
1 s417 
7 11
1 s410 
7 12
1 s413 
7 13
1 s414 
8 0
2 s418 r45 
8 1
1 s421 
10 Block
1  659 
10 Expr
1  419 
10 Expr1
1  16 
10 Expr10
1  19 
10 Expr2
1  14 
10 Expr3
1  13 
10 Expr4
1  12 
10 Expr5
1  11 
10 Expr6
1  10 
10 Expr7
1  9 
10 Expr8
1  8 
10 Expr9
1  7 
10 Mnum
1  18 
10 Mvar
1  6 
10 Stmt
1  420 
10 Type
1  20 
10 VarStmt
1  407 
11 
1 s37 
12 
1 s38 
2
0 #
1 r21 
7 5
1 r21 
2
0 #
1 r17 
7 5
1 r17 
1
6 1
1 s660 
18
5 1
1 r6 
5 3
1 r6 
6 0
1 r6 
6 5
1 r6 
7 1
1 r6 
7 2
1 r6 
7 4
1 r6 
7 6
1 r6 
7 8
1 r6 
7 9
1 r6 
7 11
1 r6 
7 12
1 r6 
7 13
1 r6 
8 0
1 r6 
8 1
1 r6 
8 2
1 r6 
11 
1 r6 
12 
1 r6 
1
8 0
1 s661 
1
6 0
1 s662 
1
6 1
1 s663 
18
5 1
1 r28 
5 3
1 r28 
6 0
1 r28 
6 5
1 r28 
7 1
1 r28 
7 2
1 r28 
7 4
1 r28 
7 6
1 r28 
7 8
1 r28 
7 9
1 r28 
7 11
1 r28 
7 12
1 r28 
7 13
1 r28 
8 0
1 r28 
8 1
1 r28 
8 2
1 r28 
11 
1 r28 
12 
1 r28 
1
6 1
1 s664 
1
6 1
1 s665 
1
6 1
1 s666 
19
5 1
1 r6 
5 3
1 r6 
6 0
1 r6 
6 5
1 r6 
7 1
1 r6 
7 2
1 r6 
7 4
1 r6 
7 5
1 r6 
7 6
1 r6 
7 8
1 r6 
7 9
1 r6 
7 11
1 r6 
7 12
1 r6 
7 13
1 r6 
8 0
1 r6 
8 1
1 r6 
8 2
1 r6 
11 
1 r6 
12 
1 r6 
2
6 1
1 r74 
8 3
1 r74 
2
6 1
1 r72 
8 3
1 r72 
16
6 1
1 r47 
6 9
1 r47 
6 10
1 r47 
6 11
1 r47 
6 13
1 r47 
6 14
1 r47 
6 19
1 r47 
6 20
1 r47 
6 21
1 r47 
6 22
1 r47 
6 23
1 r47 
6 24
1 r47 
6 25
1 r47 
6 27
1 r47 
6 28
1 r47 
8 3
1 r47 
16
6 1
1 r2 
6 9
1 r2 
6 10
1 r2 
6 11
1 r2 
6 13
1 r2 
6 14
1 r2 
6 19
1 r2 
6 20
1 r2 
6 21
1 r2 
6 22
1 r2 
6 23
1 r2 
6 24
1 r2 
6 25
1 r2 
6 27
1 r2 
6 28
1 r2 
8 3
1 r2 
3
6 1
1 r70 
6 28
1 r70 
8 3
1 r70 
4
6 1
1 r68 
6 27
1 r68 
6 28
1 r68 
8 3
1 r68 
5
6 1
1 r66 
6 25
1 r66 
6 27
1 r66 
6 28
1 r66 
8 3
1 r66 
5
6 1
1 r65 
6 25
1 r65 
6 27
1 r65 
6 28
1 r65 
8 3
1 r65 
7
6 1
1 r63 
6 23
1 r63 
6 24
1 r63 
6 25
1 r63 
6 27
1 r63 
6 28
1 r63 
8 3
1 r63 
7
6 1
1 r62 
6 23
1 r62 
6 24
1 r62 
6 25
1 r62 
6 27
1 r62 
6 28
1 r62 
8 3
1 r62 
7
6 1
1 r61 
6 23
1 r61 
6 24
1 r61 
6 25
1 r61 
6 27
1 r61 
6 28
1 r61 
8 3
1 r61 
7
6 1
1 r60 
6 23
1 r60 
6 24
1 r60 
6 25
1 r60 
6 27
1 r60 
6 28
1 r60 
8 3
1 r60 
11
6 1
1 r58 
6 19
1 r58 
6 20
1 r58 
6 21
1 r58 
6 22
1 r58 
6 23
1 r58 
6 24
1 r58 
6 25
1 r58 
6 27
1 r58 
6 28
1 r58 
8 3
1 r58 
11
6 1
1 r57 
6 19
1 r57 
6 20
1 r57 
6 21
1 r57 
6 22
1 r57 
6 23
1 r57 
6 24
1 r57 
6 25
1 r57 
6 27
1 r57 
6 28
1 r57 
8 3
1 r57 
13
6 1
1 r55 
6 9
1 r55 
6 10
1 r55 
6 19
1 r55 
6 20
1 r55 
6 21
1 r55 
6 22
1 r55 
6 23
1 r55 
6 24
1 r55 
6 25
1 r55 
6 27
1 r55 
6 28
1 r55 
8 3
1 r55 
13
6 1
1 r54 
6 9
1 r54 
6 10
1 r54 
6 19
1 r54 
6 20
1 r54 
6 21
1 r54 
6 22
1 r54 
6 23
1 r54 
6 24
1 r54 
6 25
1 r54 
6 27
1 r54 
6 28
1 r54 
8 3
1 r54 
13
6 1
1 r53 
6 9
1 r53 
6 10
1 r53 
6 19
1 r53 
6 20
1 r53 
6 21
1 r53 
6 22
1 r53 
6 23
1 r53 
6 24
1 r53 
6 25
1 r53 
6 27
1 r53 
6 28
1 r53 
8 3
1 r53 
16
6 0
1 s513 
6 5
1 s511 
10 Expr1
1  512 
10 Expr10
1  667 
10 Expr2
1  583 
10 Expr3
1  582 
10 Expr4
1  581 
10 Expr5
1  580 
10 Expr6
1  579 
10 Expr7
1  578 
10 Expr8
1  577 
10 Expr9
1  576 
10 Mnum
1  514 
10 Mvar
1  575 
11 
1 s519 
12 
1 s520 
15
6 0
1 s513 
6 5
1 s511 
10 Expr1
1  512 
10 Expr2
1  583 
10 Expr3
1  582 
10 Expr4
1  581 
10 Expr5
1  580 
10 Expr6
1  579 
10 Expr7
1  578 
10 Expr8
1  577 
10 Expr9
1  668 
10 Mnum
1  514 
10 Mvar
1  616 
11 
1 s519 
12 
1 s617 
14
6 0
1 s513 
6 5
1 s511 
10 Expr1
1  512 
10 Expr2
1  583 
10 Expr3
1  582 
10 Expr4
1  581 
10 Expr5
1  580 
10 Expr6
1  579 
10 Expr7
1  578 
10 Expr8
1  669 
10 Mnum
1  514 
10 Mvar
1  616 
11 
1 s519 
12 
1 s617 
13
6 0
1 s513 
6 5
1 s511 
10 Expr1
1  512 
10 Expr2
1  583 
10 Expr3
1  582 
10 Expr4
1  581 
10 Expr5
1  580 
10 Expr6
1  579 
10 Expr7
1  670 
10 Mnum
1  514 
10 Mvar
1  616 
11 
1 s519 
12 
1 s617 
12
6 0
1 s513 
6 5
1 s511 
10 Expr1
1  512 
10 Expr2
1  583 
10 Expr3
1  582 
10 Expr4
1  581 
10 Expr5
1  580 
10 Expr6
1  671 
10 Mnum
1  514 
10 Mvar
1  616 
11 
1 s519 
12 
1 s617 
12
6 0
1 s513 
6 5
1 s511 
10 Expr1
1  512 
10 Expr2
1  583 
10 Expr3
1  582 
10 Expr4
1  581 
10 Expr5
1  580 
10 Expr6
1  672 
10 Mnum
1  514 
10 Mvar
1  616 
11 
1 s519 
12 
1 s617 
11
6 0
1 s513 
6 5
1 s511 
10 Expr1
1  512 
10 Expr2
1  583 
10 Expr3
1  582 
10 Expr4
1  581 
10 Expr5
1  673 
10 Mnum
1  514 
10 Mvar
1  616 
11 
1 s519 
12 
1 s617 
11
6 0
1 s513 
6 5
1 s511 
10 Expr1
1  512 
10 Expr2
1  583 
10 Expr3
1  582 
10 Expr4
1  581 
10 Expr5
1  674 
10 Mnum
1  514 
10 Mvar
1  616 
11 
1 s519 
12 
1 s617 
11
6 0
1 s513 
6 5
1 s511 
10 Expr1
1  512 
10 Expr2
1  583 
10 Expr3
1  582 
10 Expr4
1  581 
10 Expr5
1  675 
10 Mnum
1  514 
10 Mvar
1  616 
11 
1 s519 
12 
1 s617 
11
6 0
1 s513 
6 5
1 s511 
10 Expr1
1  512 
10 Expr2
1  583 
10 Expr3
1  582 
10 Expr4
1  581 
10 Expr5
1  676 
10 Mnum
1  514 
10 Mvar
1  616 
11 
1 s519 
12 
1 s617 
10
6 0
1 s513 
6 5
1 s511 
10 Expr1
1  512 
10 Expr2
1  583 
10 Expr3
1  582 
10 Expr4
1  677 
10 Mnum
1  514 
10 Mvar
1  616 
11 
1 s519 
12 
1 s617 
10
6 0
1 s513 
6 5
1 s511 
10 Expr1
1  512 
10 Expr2
1  583 
10 Expr3
1  582 
10 Expr4
1  678 
10 Mnum
1  514 
10 Mvar
1  616 
11 
1 s519 
12 
1 s617 
9
6 0
1 s513 
6 5
1 s511 
10 Expr1
1  512 
10 Expr2
1  583 
10 Expr3
1  679 
10 Mnum
1  514 
10 Mvar
1  616 
11 
1 s519 
12 
1 s617 
9
6 0
1 s513 
6 5
1 s511 
10 Expr1
1  512 
10 Expr2
1  583 
10 Expr3
1  680 
10 Mnum
1  514 
10 Mvar
1  616 
11 
1 s519 
12 
1 s617 
9
6 0
1 s513 
6 5
1 s511 
10 Expr1
1  512 
10 Expr2
1  583 
10 Expr3
1  681 
10 Mnum
1  514 
10 Mvar
1  616 
11 
1 s519 
12 
1 s617 
16
6 1
1 r49 
6 9
1 r49 
6 10
1 r49 
6 11
1 r49 
6 13
1 r49 
6 14
1 r49 
6 19
1 r49 
6 20
1 r49 
6 21
1 r49 
6 22
1 r49 
6 23
1 r49 
6 24
1 r49 
6 25
1 r49 
6 27
1 r49 
6 28
1 r49 
8 3
1 r49 
1
6 1
1 r43 
1
0 #
1 r31 
34
5 1
1 s35 
5 3
1 s36 
6 0
1 s17 
6 5
1 s15 
7 1
1 s97 
7 2
1 s96 
7 4
1 s91 
7 6
1 s89 
7 8
1 s93 
7 9
1 s98 
7 11
1 s92 
7 12
1 s94 
7 13
1 s95 
8 0
2 s99 r45 
8 1
1 s102 
10 Block
1  682 
10 Expr
1  100 
10 Expr1
1  16 
10 Expr10
1  19 
10 Expr2
1  14 
10 Expr3
1  13 
10 Expr4
1  12 
10 Expr5
1  11 
10 Expr6
1  10 
10 Expr7
1  9 
10 Expr8
1  8 
10 Expr9
1  7 
10 Mnum
1  18 
10 Mvar
1  6 
10 Stmt
1  101 
10 Type
1  20 
10 VarStmt
1  88 
11 
1 s37 
12 
1 s38 
18
6 0
1 s17 
6 5
1 s15 
8 0
1 r45 
10 Expr
1  683 
10 Expr1
1  16 
10 Expr10
1  19 
10 Expr2
1  14 
10 Expr3
1  13 
10 Expr4
1  12 
10 Expr5
1  11 
10 Expr6
1  10 
10 Expr7
1  9 
10 Expr8
1  8 
10 Expr9
1  7 
10 Mnum
1  18 
10 Mvar
1  6 
11 
1 s37 
12 
1 s38 
18
6 0
1 s78 
6 1
1 r45 
6 5
1 s75 
10 Expr
1  684 
10 Expr1
1  76 
10 Expr10
1  80 
10 Expr2
1  74 
10 Expr3
1  73 
10 Expr4
1  72 
10 Expr5
1  71 
10 Expr6
1  70 
10 Expr7
1  69 
10 Expr8
1  68 
10 Expr9
1  67 
10 Mnum
1  79 
10 Mvar
1  66 
11 
1 s81 
12 
1 s82 
34
5 1
1 s35 
5 3
1 s36 
6 0
1 s17 
6 5
1 s15 
7 1
1 s460 
7 2
1 s459 
7 4
1 s453 
7 6
1 s452 
7 8
1 s456 
7 9
1 s461 
7 11
1 s454 
7 12
1 s457 
7 13
1 s458 
8 0
2 s462 r45 
8 1
1 s465 
10 Block
1  685 
10 Expr
1  463 
10 Expr1
1  16 
10 Expr10
1  19 
10 Expr2
1  14 
10 Expr3
1  13 
10 Expr4
1  12 
10 Expr5
1  11 
10 Expr6
1  10 
10 Expr7
1  9 
10 Expr8
1  8 
10 Expr9
1  7 
10 Mnum
1  18 
10 Mvar
1  6 
10 Stmt
1  464 
10 Type
1  20 
10 VarStmt
1  451 
11 
1 s37 
12 
1 s38 
34
5 1
1 s35 
5 3
1 s36 
6 0
1 s17 
6 5
1 s15 
7 1
1 s460 
7 2
1 s459 
7 4
1 s453 
7 6
1 s452 
7 8
1 s456 
7 9
1 s461 
7 11
1 s454 
7 12
1 s457 
7 13
1 s458 
8 0
2 s462 r45 
8 1
1 s465 
10 Block
1  686 
10 Expr
1  463 
10 Expr1
1  16 
10 Expr10
1  19 
10 Expr2
1  14 
10 Expr3
1  13 
10 Expr4
1  12 
10 Expr5
1  11 
10 Expr6
1  10 
10 Expr7
1  9 
10 Expr8
1  8 
10 Expr9
1  7 
10 Mnum
1  18 
10 Mvar
1  6 
10 Stmt
1  464 
10 Type
1  20 
10 VarStmt
1  451 
11 
1 s37 
12 
1 s38 
2
7 5
1 r21 
7 11
1 r21 
2
7 5
1 r17 
7 11
1 r17 
1
8 0
1 s687 
1
6 1
1 s688 
2
0 #
1 r29 
7 5
1 r29 
2
0 #
1 r27 
7 5
2 s689 r27 
34
5 1
1 s35 
5 3
1 s36 
6 0
1 s17 
6 5
1 s15 
7 1
1 s119 
7 2
1 s118 
7 4
1 s113 
7 6
1 s112 
7 8
1 s115 
7 9
1 s120 
7 11
1 s114 
7 12
1 s116 
7 13
1 s117 
8 0
2 s121 r45 
8 1
1 s486 
10 Block
1  690 
10 Expr
1  122 
10 Expr1
1  16 
10 Expr10
1  19 
10 Expr2
1  14 
10 Expr3
1  13 
10 Expr4
1  12 
10 Expr5
1  11 
10 Expr6
1  10 
10 Expr7
1  9 
10 Expr8
1  8 
10 Expr9
1  7 
10 Mnum
1  18 
10 Mvar
1  6 
10 Stmt
1  485 
10 Type
1  20 
10 VarStmt
1  111 
11 
1 s37 
12 
1 s38 
18
6 0
1 s17 
6 5
1 s15 
8 0
1 r45 
10 Expr
1  691 
10 Expr1
1  16 
10 Expr10
1  19 
10 Expr2
1  14 
10 Expr3
1  13 
10 Expr4
1  12 
10 Expr5
1  11 
10 Expr6
1  10 
10 Expr7
1  9 
10 Expr8
1  8 
10 Expr9
1  7 
10 Mnum
1  18 
10 Mvar
1  6 
11 
1 s37 
12 
1 s38 
18
6 0
1 s78 
6 1
1 r45 
6 5
1 s75 
10 Expr
1  692 
10 Expr1
1  76 
10 Expr10
1  80 
10 Expr2
1  74 
10 Expr3
1  73 
10 Expr4
1  72 
10 Expr5
1  71 
10 Expr6
1  70 
10 Expr7
1  69 
10 Expr8
1  68 
10 Expr9
1  67 
10 Mnum
1  79 
10 Mvar
1  66 
11 
1 s81 
12 
1 s82 
34
5 1
1 s35 
5 3
1 s36 
6 0
1 s17 
6 5
1 s15 
7 1
1 s496 
7 2
1 s495 
7 4
1 s489 
7 6
1 s488 
7 8
1 s492 
7 9
1 s497 
7 11
1 s490 
7 12
1 s493 
7 13
1 s494 
8 0
2 s498 r45 
8 1
1 s501 
10 Block
1  693 
10 Expr
1  499 
10 Expr1
1  16 
10 Expr10
1  19 
10 Expr2
1  14 
10 Expr3
1  13 
10 Expr4
1  12 
10 Expr5
1  11 
10 Expr6
1  10 
10 Expr7
1  9 
10 Expr8
1  8 
10 Expr9
1  7 
10 Mnum
1  18 
10 Mvar
1  6 
10 Stmt
1  500 
10 Type
1  20 
10 VarStmt
1  487 
11 
1 s37 
12 
1 s38 
34
5 1
1 s35 
5 3
1 s36 
6 0
1 s17 
6 5
1 s15 
7 1
1 s496 
7 2
1 s495 
7 4
1 s489 
7 6
1 s488 
7 8
1 s492 
7 9
1 s497 
7 11
1 s490 
7 12
1 s493 
7 13
1 s494 
8 0
2 s498 r45 
8 1
1 s501 
10 Block
1  694 
10 Expr
1  499 
10 Expr1
1  16 
10 Expr10
1  19 
10 Expr2
1  14 
10 Expr3
1  13 
10 Expr4
1  12 
10 Expr5
1  11 
10 Expr6
1  10 
10 Expr7
1  9 
10 Expr8
1  8 
10 Expr9
1  7 
10 Mnum
1  18 
10 Mvar
1  6 
10 Stmt
1  500 
10 Type
1  20 
10 VarStmt
1  487 
11 
1 s37 
12 
1 s38 
19
5 1
1 r21 
5 3
1 r21 
6 0
1 r21 
6 5
1 r21 
7 1
1 r21 
7 2
1 r21 
7 4
1 r21 
7 5
1 r21 
7 6
1 r21 
7 8
1 r21 
7 9
1 r21 
7 11
1 r21 
7 12
1 r21 
7 13
1 r21 
8 0
1 r21 
8 1
1 r21 
8 2
1 r21 
11 
1 r21 
12 
1 r21 
19
5 1
1 r17 
5 3
1 r17 
6 0
1 r17 
6 5
1 r17 
7 1
1 r17 
7 2
1 r17 
7 4
1 r17 
7 5
1 r17 
7 6
1 r17 
7 8
1 r17 
7 9
1 r17 
7 11
1 r17 
7 12
1 r17 
7 13
1 r17 
8 0
1 r17 
8 1
1 r17 
8 2
1 r17 
11 
1 r17 
12 
1 r17 
16
6 1
1 r74 
6 9
1 r74 
6 10
1 r74 
6 11
1 r74 
6 13
1 r74 
6 14
1 r74 
6 19
1 r74 
6 20
1 r74 
6 21
1 r74 
6 22
1 r74 
6 23
1 r74 
6 24
1 r74 
6 25
1 r74 
6 27
1 r74 
6 28
1 r74 
8 3
1 r74 
16
6 1
1 r72 
6 9
1 r72 
6 10
1 r72 
6 11
1 r72 
6 13
1 r72 
6 14
1 r72 
6 19
1 r72 
6 20
1 r72 
6 21
1 r72 
6 22
1 r72 
6 23
1 r72 
6 24
1 r72 
6 25
1 r72 
6 27
1 r72 
6 28
1 r72 
8 3
1 r72 
16
6 1
1 r70 
6 9
1 r70 
6 10
1 r70 
6 11
1 r70 
6 13
1 r70 
6 14
1 r70 
6 19
1 r70 
6 20
1 r70 
6 21
1 r70 
6 22
1 r70 
6 23
1 r70 
6 24
1 r70 
6 25
1 r70 
6 27
1 r70 
6 28
1 r70 
8 3
1 r70 
16
6 1
1 r68 
6 9
1 r68 
6 10
1 r68 
6 11
1 r68 
6 13
1 r68 
6 14
1 r68 
6 19
1 r68 
6 20
1 r68 
6 21
1 r68 
6 22
1 r68 
6 23
1 r68 
6 24
1 r68 
6 25
1 r68 
6 27
1 r68 
6 28
1 r68 
8 3
1 r68 
16
6 1
1 r66 
6 9
1 r66 
6 10
1 r66 
6 11
1 r66 
6 13
1 r66 
6 14
1 r66 
6 19
1 r66 
6 20
1 r66 
6 21
1 r66 
6 22
1 r66 
6 23
1 r66 
6 24
1 r66 
6 25
1 r66 
6 27
1 r66 
6 28
1 r66 
8 3
1 r66 
16
6 1
1 r65 
6 9
1 r65 
6 10
1 r65 
6 11
1 r65 
6 13
1 r65 
6 14
1 r65 
6 19
1 r65 
6 20
1 r65 
6 21
1 r65 
6 22
1 r65 
6 23
1 r65 
6 24
1 r65 
6 25
1 r65 
6 27
1 r65 
6 28
1 r65 
8 3
1 r65 
16
6 1
1 r63 
6 9
1 r63 
6 10
1 r63 
6 11
1 r63 
6 13
1 r63 
6 14
1 r63 
6 19
1 r63 
6 20
1 r63 
6 21
1 r63 
6 22
1 r63 
6 23
1 r63 
6 24
1 r63 
6 25
1 r63 
6 27
1 r63 
6 28
1 r63 
8 3
1 r63 
16
6 1
1 r62 
6 9
1 r62 
6 10
1 r62 
6 11
1 r62 
6 13
1 r62 
6 14
1 r62 
6 19
1 r62 
6 20
1 r62 
6 21
1 r62 
6 22
1 r62 
6 23
1 r62 
6 24
1 r62 
6 25
1 r62 
6 27
1 r62 
6 28
1 r62 
8 3
1 r62 
16
6 1
1 r61 
6 9
1 r61 
6 10
1 r61 
6 11
1 r61 
6 13
1 r61 
6 14
1 r61 
6 19
1 r61 
6 20
1 r61 
6 21
1 r61 
6 22
1 r61 
6 23
1 r61 
6 24
1 r61 
6 25
1 r61 
6 27
1 r61 
6 28
1 r61 
8 3
1 r61 
16
6 1
1 r60 
6 9
1 r60 
6 10
1 r60 
6 11
1 r60 
6 13
1 r60 
6 14
1 r60 
6 19
1 r60 
6 20
1 r60 
6 21
1 r60 
6 22
1 r60 
6 23
1 r60 
6 24
1 r60 
6 25
1 r60 
6 27
1 r60 
6 28
1 r60 
8 3
1 r60 
16
6 1
1 r58 
6 9
1 r58 
6 10
1 r58 
6 11
1 r58 
6 13
1 r58 
6 14
1 r58 
6 19
1 r58 
6 20
1 r58 
6 21
1 r58 
6 22
1 r58 
6 23
1 r58 
6 24
1 r58 
6 25
1 r58 
6 27
1 r58 
6 28
1 r58 
8 3
1 r58 
16
6 1
1 r57 
6 9
1 r57 
6 10
1 r57 
6 11
1 r57 
6 13
1 r57 
6 14
1 r57 
6 19
1 r57 
6 20
1 r57 
6 21
1 r57 
6 22
1 r57 
6 23
1 r57 
6 24
1 r57 
6 25
1 r57 
6 27
1 r57 
6 28
1 r57 
8 3
1 r57 
16
6 1
1 r55 
6 9
1 r55 
6 10
1 r55 
6 11
1 r55 
6 13
1 r55 
6 14
1 r55 
6 19
1 r55 
6 20
1 r55 
6 21
1 r55 
6 22
1 r55 
6 23
1 r55 
6 24
1 r55 
6 25
1 r55 
6 27
1 r55 
6 28
1 r55 
8 3
1 r55 
16
6 1
1 r54 
6 9
1 r54 
6 10
1 r54 
6 11
1 r54 
6 13
1 r54 
6 14
1 r54 
6 19
1 r54 
6 20
1 r54 
6 21
1 r54 
6 22
1 r54 
6 23
1 r54 
6 24
1 r54 
6 25
1 r54 
6 27
1 r54 
6 28
1 r54 
8 3
1 r54 
16
6 1
1 r53 
6 9
1 r53 
6 10
1 r53 
6 11
1 r53 
6 13
1 r53 
6 14
1 r53 
6 19
1 r53 
6 20
1 r53 
6 21
1 r53 
6 22
1 r53 
6 23
1 r53 
6 24
1 r53 
6 25
1 r53 
6 27
1 r53 
6 28
1 r53 
8 3
1 r53 
1
7 11
1 r31 
1
8 0
1 s695 
1
6 1
1 s696 
2
7 5
1 r29 
7 11
1 r29 
2
7 5
2 s697 r27 
7 11
1 r27 
21
6 0
1 s513 
6 1
1 r45 
6 5
1 s511 
8 3
1 r45 
10 Expr
1  516 
10 Expr1
1  512 
10 Expr10
1  515 
10 Expr2
1  510 
10 Expr3
1  509 
10 Expr4
1  508 
10 Expr5
1  507 
10 Expr6
1  506 
10 Expr7
1  505 
10 Expr8
1  504 
10 Expr9
1  503 
10 Exprs
1  698 
10 MExprs
1  517 
10 Mnum
1  514 
10 Mvar
1  502 
11 
1 s519 
12 
1 s520 
2
0 #
1 r30 
7 5
1 r30 
34
5 1
1 s35 
5 3
1 s36 
6 0
1 s17 
6 5
1 s15 
7 1
1 s416 
7 2
1 s415 
7 4
1 s409 
7 6
1 s408 
7 8
1 s412 
7 9
1 s417 
7 11
1 s410 
7 12
1 s413 
7 13
1 s414 
8 0
2 s418 r45 
8 1
1 s421 
10 Block
1  699 
10 Expr
1  419 
10 Expr1
1  16 
10 Expr10
1  19 
10 Expr2
1  14 
10 Expr3
1  13 
10 Expr4
1  12 
10 Expr5
1  11 
10 Expr6
1  10 
10 Expr7
1  9 
10 Expr8
1  8 
10 Expr9
1  7 
10 Mnum
1  18 
10 Mvar
1  6 
10 Stmt
1  420 
10 Type
1  20 
10 VarStmt
1  407 
11 
1 s37 
12 
1 s38 
18
5 1
1 r31 
5 3
1 r31 
6 0
1 r31 
6 5
1 r31 
7 1
1 r31 
7 2
1 r31 
7 4
1 r31 
7 6
1 r31 
7 8
1 r31 
7 9
1 r31 
7 11
1 r31 
7 12
1 r31 
7 13
1 r31 
8 0
1 r31 
8 1
1 r31 
8 2
1 r31 
11 
1 r31 
12 
1 r31 
1
8 0
1 s700 
1
6 1
1 s701 
19
5 1
1 r29 
5 3
1 r29 
6 0
1 r29 
6 5
1 r29 
7 1
1 r29 
7 2
1 r29 
7 4
1 r29 
7 5
1 r29 
7 6
1 r29 
7 8
1 r29 
7 9
1 r29 
7 11
1 r29 
7 12
1 r29 
7 13
1 r29 
8 0
1 r29 
8 1
1 r29 
8 2
1 r29 
11 
1 r29 
12 
1 r29 
19
5 1
1 r27 
5 3
1 r27 
6 0
1 r27 
6 5
1 r27 
7 1
1 r27 
7 2
1 r27 
7 4
1 r27 
7 5
2 s702 r27 
7 6
1 r27 
7 8
1 r27 
7 9
1 r27 
7 11
1 r27 
7 12
1 r27 
7 13
1 r27 
8 0
1 r27 
8 1
1 r27 
8 2
1 r27 
11 
1 r27 
12 
1 r27 
21
6 0
1 s513 
6 1
1 r45 
6 5
1 s511 
8 3
1 r45 
10 Expr
1  516 
10 Expr1
1  512 
10 Expr10
1  515 
10 Expr2
1  510 
10 Expr3
1  509 
10 Expr4
1  508 
10 Expr5
1  507 
10 Expr6
1  506 
10 Expr7
1  505 
10 Expr8
1  504 
10 Expr9
1  503 
10 Exprs
1  703 
10 MExprs
1  517 
10 Mnum
1  514 
10 Mvar
1  502 
11 
1 s519 
12 
1 s520 
2
7 5
1 r30 
7 11
1 r30 
34
5 1
1 s35 
5 3
1 s36 
6 0
1 s17 
6 5
1 s15 
7 1
1 s460 
7 2
1 s459 
7 4
1 s453 
7 6
1 s452 
7 8
1 s456 
7 9
1 s461 
7 11
1 s454 
7 12
1 s457 
7 13
1 s458 
8 0
2 s462 r45 
8 1
1 s465 
10 Block
1  704 
10 Expr
1  463 
10 Expr1
1  16 
10 Expr10
1  19 
10 Expr2
1  14 
10 Expr3
1  13 
10 Expr4
1  12 
10 Expr5
1  11 
10 Expr6
1  10 
10 Expr7
1  9 
10 Expr8
1  8 
10 Expr9
1  7 
10 Mnum
1  18 
10 Mvar
1  6 
10 Stmt
1  464 
10 Type
1  20 
10 VarStmt
1  451 
11 
1 s37 
12 
1 s38 
1
6 1
1 s705 
2
0 #
1 r28 
7 5
1 r28 
21
6 0
1 s513 
6 1
1 r45 
6 5
1 s511 
8 3
1 r45 
10 Expr
1  516 
10 Expr1
1  512 
10 Expr10
1  515 
10 Expr2
1  510 
10 Expr3
1  509 
10 Expr4
1  508 
10 Expr5
1  507 
10 Expr6
1  506 
10 Expr7
1  505 
10 Expr8
1  504 
10 Expr9
1  503 
10 Exprs
1  706 
10 MExprs
1  517 
10 Mnum
1  514 
10 Mvar
1  502 
11 
1 s519 
12 
1 s520 
19
5 1
1 r30 
5 3
1 r30 
6 0
1 r30 
6 5
1 r30 
7 1
1 r30 
7 2
1 r30 
7 4
1 r30 
7 5
1 r30 
7 6
1 r30 
7 8
1 r30 
7 9
1 r30 
7 11
1 r30 
7 12
1 r30 
7 13
1 r30 
8 0
1 r30 
8 1
1 r30 
8 2
1 r30 
11 
1 r30 
12 
1 r30 
34
5 1
1 s35 
5 3
1 s36 
6 0
1 s17 
6 5
1 s15 
7 1
1 s496 
7 2
1 s495 
7 4
1 s489 
7 6
1 s488 
7 8
1 s492 
7 9
1 s497 
7 11
1 s490 
7 12
1 s493 
7 13
1 s494 
8 0
2 s498 r45 
8 1
1 s501 
10 Block
1  707 
10 Expr
1  499 
10 Expr1
1  16 
10 Expr10
1  19 
10 Expr2
1  14 
10 Expr3
1  13 
10 Expr4
1  12 
10 Expr5
1  11 
10 Expr6
1  10 
10 Expr7
1  9 
10 Expr8
1  8 
10 Expr9
1  7 
10 Mnum
1  18 
10 Mvar
1  6 
10 Stmt
1  500 
10 Type
1  20 
10 VarStmt
1  487 
11 
1 s37 
12 
1 s38 
1
6 1
1 s708 
2
7 5
1 r28 
7 11
1 r28 
34
5 1
1 s35 
5 3
1 s36 
6 0
1 s17 
6 5
1 s15 
7 1
1 s416 
7 2
1 s415 
7 4
1 s409 
7 6
1 s408 
7 8
1 s412 
7 9
1 s417 
7 11
1 s410 
7 12
1 s413 
7 13
1 s414 
8 0
2 s418 r45 
8 1
1 s421 
10 Block
1  709 
10 Expr
1  419 
10 Expr1
1  16 
10 Expr10
1  19 
10 Expr2
1  14 
10 Expr3
1  13 
10 Expr4
1  12 
10 Expr5
1  11 
10 Expr6
1  10 
10 Expr7
1  9 
10 Expr8
1  8 
10 Expr9
1  7 
10 Mnum
1  18 
10 Mvar
1  6 
10 Stmt
1  420 
10 Type
1  20 
10 VarStmt
1  407 
11 
1 s37 
12 
1 s38 
1
6 1
1 s710 
19
5 1
1 r28 
5 3
1 r28 
6 0
1 r28 
6 5
1 r28 
7 1
1 r28 
7 2
1 r28 
7 4
1 r28 
7 5
1 r28 
7 6
1 r28 
7 8
1 r28 
7 9
1 r28 
7 11
1 r28 
7 12
1 r28 
7 13
1 r28 
8 0
1 r28 
8 1
1 r28 
8 2
1 r28 
11 
1 r28 
12 
1 r28 
34
5 1
1 s35 
5 3
1 s36 
6 0
1 s17 
6 5
1 s15 
7 1
1 s460 
7 2
1 s459 
7 4
1 s453 
7 6
1 s452 
7 8
1 s456 
7 9
1 s461 
7 11
1 s454 
7 12
1 s457 
7 13
1 s458 
8 0
2 s462 r45 
8 1
1 s465 
10 Block
1  711 
10 Expr
1  463 
10 Expr1
1  16 
10 Expr10
1  19 
10 Expr2
1  14 
10 Expr3
1  13 
10 Expr4
1  12 
10 Expr5
1  11 
10 Expr6
1  10 
10 Expr7
1  9 
10 Expr8
1  8 
10 Expr9
1  7 
10 Mnum
1  18 
10 Mvar
1  6 
10 Stmt
1  464 
10 Type
1  20 
10 VarStmt
1  451 
11 
1 s37 
12 
1 s38 
2
0 #
1 r31 
7 5
1 r31 
34
5 1
1 s35 
5 3
1 s36 
6 0
1 s17 
6 5
1 s15 
7 1
1 s496 
7 2
1 s495 
7 4
1 s489 
7 6
1 s488 
7 8
1 s492 
7 9
1 s497 
7 11
1 s490 
7 12
1 s493 
7 13
1 s494 
8 0
2 s498 r45 
8 1
1 s501 
10 Block
1  712 
10 Expr
1  499 
10 Expr1
1  16 
10 Expr10
1  19 
10 Expr2
1  14 
10 Expr3
1  13 
10 Expr4
1  12 
10 Expr5
1  11 
10 Expr6
1  10 
10 Expr7
1  9 
10 Expr8
1  8 
10 Expr9
1  7 
10 Mnum
1  18 
10 Mvar
1  6 
10 Stmt
1  500 
10 Type
1  20 
10 VarStmt
1  487 
11 
1 s37 
12 
1 s38 
2
7 5
1 r31 
7 11
1 r31 
19
5 1
1 r31 
5 3
1 r31 
6 0
1 r31 
6 5
1 r31 
7 1
1 r31 
7 2
1 r31 
7 4
1 r31 
7 5
1 r31 
7 6
1 r31 
7 8
1 r31 
7 9
1 r31 
7 11
1 r31 
7 12
1 r31 
7 13
1 r31 
8 0
1 r31 
8 1
1 r31 
8 2
1 r31 
11 
1 r31 
12 
1 r31 
